0.00000 0.00000 0.00000 
0.00000 0.00000 0.00000 
0.00000 0.00000 0.00000 
0.00000 0.00000 0.00000 
0.00000 0.00000 0.00000 
0.00000 0.00000 0.00000 
0.00000 0.00000 0.00000 
0.00000 0.00000 0.00000 
0.00000 0.00000 0.00000 
0.00000 0.00000 0.00000 
0.00000 0.00000 0.00000 
0.00000 0.00000 0.00000 
0.00000 0.00000 0.00000 
0.00000 0.00000 0.00000 
0.00000 0.00000 0.00000 
0.00000 0.00000 0.00000 
0.00000 0.00000 0.00000 
0.00000 0.00000 0.00000 
-0.00006 -0.00006 -0.00006 
-0.00024 -0.00024 -0.00024 
-0.00038 -0.00038 -0.00038 
-0.00106 -0.00106 -0.00106 
-0.00113 -0.00113 -0.00113 
-0.00056 -0.00056 -0.00056 
-0.00058 -0.00058 -0.00058 
-0.00060 -0.00060 -0.00060 
-0.00061 -0.00061 -0.00061 
-0.00062 -0.00062 -0.00062 
-0.00059 -0.00059 -0.00059 
-0.00056 -0.00056 -0.00056 
-0.00052 -0.00052 -0.00052 
-0.00049 -0.00049 -0.00049 
-0.00049 -0.00049 -0.00049 
-0.00050 -0.00050 -0.00050 
-0.00049 -0.00049 -0.00049 
-0.00048 -0.00048 -0.00048 
-0.00047 -0.00047 -0.00047 
-0.00046 -0.00046 -0.00046 
-0.00044 -0.00044 -0.00044 
-0.00043 -0.00043 -0.00043 
-0.00039 -0.00039 -0.00039 
-0.00035 -0.00035 -0.00035 
-0.00031 -0.00031 -0.00031 
-0.00026 -0.00026 -0.00026 
-0.00021 -0.00021 -0.00021 
-0.00018 -0.00018 -0.00018 
-0.00014 -0.00014 -0.00014 
-0.00010 -0.00010 -0.00010 
-0.00005 -0.00005 -0.00005 
0.00000 0.00000 0.00000 
0.51104 0.51104 0.51104 
0.78608 0.78608 0.78608 
0.75195 0.75195 0.75195 
0.71798 0.71798 0.71798 
0.69653 0.69653 0.69653 
0.71047 0.71047 0.71047 
0.72645 0.72645 0.72645 
0.74227 0.74227 0.74227 
1.44953 1.44953 1.44953 
1.64601 1.64601 1.64601 
1.61098 1.61098 1.61098 
1.57841 1.57841 1.57841 
1.57100 1.57100 1.57100 
1.56458 1.56458 1.56458 
1.55751 1.55751 1.55751 
1.55051 1.55051 1.55051 
1.56104 1.56104 1.56104 
1.57887 1.57887 1.57887 
1.59569 1.59569 1.59569 
1.58751 1.58751 1.58751 
1.56484 1.56484 1.56484 
1.54267 1.54267 1.54267 
1.52680 1.52680 1.52680 
1.50515 1.50515 1.50515 
1.51145 1.51145 1.51145 
1.51741 1.51741 1.51741 
1.52305 1.52305 1.52305 
1.52834 1.52834 1.52834 
1.51711 1.51711 1.51711 
1.50818 1.50818 1.50818 
1.51290 1.51290 1.51290 
1.51758 1.51758 1.51758 
1.52212 1.52212 1.52212 
1.52483 1.52483 1.52483 
1.51941 1.51941 1.51941 
2.19657 2.19657 2.19657 
2.47901 2.47901 2.47901 
2.44951 2.44951 2.44951 
2.42117 2.42117 2.42117 
2.43966 2.43966 2.43966 
2.47299 2.47299 2.47299 
2.51177 2.51177 2.51177 
2.55352 2.55352 2.55352 
2.59799 2.59799 2.59799 
2.64219 2.64219 2.64219 
2.65170 2.65170 2.65170 
2.64417 2.64417 2.64417 
2.64058 2.64058 2.64058 
2.67048 2.67048 2.67048 
2.70933 2.70933 2.70933 
2.74850 2.74850 2.74850 
2.79095 2.79095 2.79095 
2.83781 2.83781 2.83781 
2.86970 2.86970 2.86970 
2.90626 2.90626 2.90626 
2.97089 2.97089 2.97089 
3.31990 3.31990 3.31990 
4.56621 4.56621 4.56621 
4.60549 4.60549 4.60549 
4.65140 4.65140 4.65140 
4.74530 4.74530 4.74530 
4.95842 4.95842 4.95842 
5.21270 5.21270 5.21270 
5.32096 5.32096 5.32096 
5.38304 5.38304 5.38304 
5.29059 5.29059 5.29059 
5.11770 5.11770 5.11770 
5.07562 5.07562 5.07562 
5.28527 5.28527 5.28527 
5.24482 5.24482 5.24482 
5.79704 5.79704 5.79704 
5.83524 5.83524 5.83524 
6.30429 6.30429 6.30429 
6.47952 6.47952 6.47952 
6.18950 6.18950 6.18950 
6.36703 6.36703 6.36703 
6.64434 6.64434 6.64434 
6.39869 6.39869 6.39869 
7.02664 7.02664 7.02664 
7.55982 7.55982 7.55982 
8.19993 8.19993 8.19993 
7.83518 7.83518 7.83518 
7.97172 7.97172 7.97172 
8.15337 8.15337 8.15337 
8.88228 8.88228 8.88228 
9.60416 9.60416 9.60416 
9.85955 9.85955 9.85955 
9.72479 9.72479 9.72479 
8.40766 8.40766 8.40766 
8.36950 8.36950 8.36950 
8.72202 8.72202 8.72202 
8.49672 8.49672 8.49672 
8.11891 8.11891 8.11891 
7.29378 7.29378 7.29378 
6.12596 6.12596 6.12596 
5.85820 5.85820 5.85820 
5.78519 5.78519 5.78519 
5.55540 5.55540 5.55540 
4.93208 4.93208 4.93208 
4.50066 4.50066 4.50066 
4.28367 4.28367 4.28367 
4.24038 4.24038 4.24038 
3.46880 3.46880 3.46880 
3.34766 3.34766 3.34766 
3.06793 3.06793 3.06793 
2.47819 2.47819 2.47819 
2.27394 2.27394 2.27394 
2.20996 2.20996 2.20996 
2.15430 2.15430 2.15430 
2.18254 2.18254 2.18254 
2.28464 2.28464 2.28464 
2.44112 2.44112 2.44112 
2.43621 2.43621 2.43621 
2.03926 2.03926 2.03926 
1.66951 1.66951 1.66951 
1.51880 1.51880 1.51880 
1.46667 1.46667 1.46667 
1.49594 1.49594 1.49594 
1.61776 1.61776 1.61776 
1.18174 1.18174 1.18174 
0.88762 0.88762 0.88762 
1.27651 1.27651 1.27651 
1.90145 1.90145 1.90145 
1.39984 1.39984 1.39984 
1.26407 1.26407 1.26407 
1.27292 1.27292 1.27292 
1.33324 1.33324 1.33324 
1.20319 1.20319 1.20319 
0.79343 0.79343 0.79343 
0.78250 0.78250 0.78250 
0.83176 0.83176 0.83176 
1.22925 1.22925 1.22925 
1.65265 1.65265 1.65265 
1.04349 1.04349 1.04349 
0.99577 0.99577 0.99577 
1.29894 1.29894 1.29894 
1.49176 1.49176 1.49176 
1.66070 1.66070 1.66070 
1.57193 1.57193 1.57193 
1.71913 1.71913 1.71913 
1.56265 1.56265 1.56265 
1.48920 1.48920 1.48920 
1.67263 1.67263 1.67263 
1.43390 1.43390 1.43390 
1.34183 1.34183 1.34183 
1.31976 1.31976 1.31976 
1.27563 1.27563 1.27563 
1.24299 1.24299 1.24299 
1.25272 1.25272 1.25272 
1.41347 1.41347 1.41347 
1.57990 1.57990 1.57990 
1.80886 1.80886 1.80886 
1.95432 1.95432 1.95432 
1.86830 1.86830 1.86830 
1.79323 1.79323 1.79323 
1.85086 1.85086 1.85086 
1.75425 1.75425 1.75425 
1.73459 1.73459 1.73459 
1.81333 1.81333 1.81333 
1.74274 1.74274 1.74274 
1.68584 1.68584 1.68584 
1.42971 1.42971 1.42971 
1.47375 1.47375 1.47375 
1.68624 1.68624 1.68624 
1.66598 1.66598 1.66598 
1.75828 1.75828 1.75828 
1.64534 1.64534 1.64534 
1.66889 1.66889 1.66889 
1.80401 1.80401 1.80401 
1.93896 1.93896 1.93896 
1.57202 1.57202 1.57202 
1.70666 1.70666 1.70666 
1.75429 1.75429 1.75429 
1.34842 1.34842 1.34842 
1.11826 1.11826 1.11826 
1.06051 1.06051 1.06051 
0.99599 0.99599 0.99599 
0.89046 0.89046 0.89046 
0.80381 0.80381 0.80381 
0.79830 0.79830 0.79830 
0.82661 0.82661 0.82661 
0.72734 0.72734 0.72734 
0.68882 0.68882 0.68882 
0.64295 0.64295 0.64295 
0.59196 0.59196 0.59196 
0.57468 0.57468 0.57468 
0.61531 0.61531 0.61531 
0.55543 0.55543 0.55543 
0.50124 0.50124 0.50124 
0.52459 0.52459 0.52459 
0.58188 0.58188 0.58188 
0.66420 0.66420 0.66420 
0.66536 0.66536 0.66536 
0.66265 0.66265 0.66265 
0.65138 0.65138 0.65138 
0.66938 0.66938 0.66938 
0.72780 0.72780 0.72780 
0.75162 0.75162 0.75162 
0.81515 0.81515 0.81515 
0.82708 0.82708 0.82708 
0.97425 0.97425 0.97425 
0.91964 0.91964 0.91964 
0.93997 0.93997 0.93997 
1.02021 1.02021 1.02021 
1.02770 1.02770 1.02770 
1.04177 1.04177 1.04177 
1.04812 1.04812 1.04812 
1.00988 1.00988 1.00988 
0.95651 0.95651 0.95651 
0.84352 0.84352 0.84352 
0.85406 0.85406 0.85406 
0.87646 0.87646 0.87646 
0.82928 0.82928 0.82928 
0.81065 0.81065 0.81065 
0.81379 0.81379 0.81379 
0.76612 0.76612 0.76612 
0.77077 0.77077 0.77077 
0.84766 0.84766 0.84766 
0.75603 0.75603 0.75603 
0.82223 0.82223 0.82223 
0.76616 0.76616 0.76616 
0.57707 0.57707 0.57707 
0.59631 0.59631 0.59631 
0.60564 0.60564 0.60564 
0.56596 0.56596 0.56596 
0.57881 0.57881 0.57881 
0.59152 0.59152 0.59152 
0.65394 0.65394 0.65394 
0.64390 0.64390 0.64390 
0.57196 0.57196 0.57196 
0.53856 0.53856 0.53856 
0.58086 0.58086 0.58086 
0.59775 0.59775 0.59775 
0.64500 0.64500 0.64500 
0.51773 0.51773 0.51773 
0.49168 0.49168 0.49168 
0.50534 0.50534 0.50534 
0.56176 0.56176 0.56176 
0.62422 0.62422 0.62422 
0.54082 0.54082 0.54082 
0.49290 0.49290 0.49290 
0.46606 0.46606 0.46606 
0.49120 0.49120 0.49120 
0.58475 0.58475 0.58475 
0.51319 0.51319 0.51319 
0.46724 0.46724 0.46724 
0.39456 0.39456 0.39456 
0.33195 0.33195 0.33195 
0.32836 0.32836 0.32836 
0.33418 0.33418 0.33418 
0.38344 0.38344 0.38344 
0.45732 0.45732 0.45732 
0.51231 0.51231 0.51231 
0.56513 0.56513 0.56513 
0.59015 0.59015 0.59015 
0.76678 0.76678 0.76678 
0.73286 0.73286 0.73286 
0.70526 0.70526 0.70526 
0.59787 0.59787 0.59787 
0.50446 0.50446 0.50446 
0.47193 0.47193 0.47193 
0.48771 0.48771 0.48771 
0.52020 0.52020 0.52020 
0.50121 0.50121 0.50121 
0.48781 0.48781 0.48781 
0.50053 0.50053 0.50053 
0.50120 0.50120 0.50120 
0.59206 0.59206 0.59206 
0.80352 0.80352 0.80352 
0.79146 0.79146 0.79146 
0.68795 0.68795 0.68795 
0.71853 0.71853 0.71853 
0.78918 0.78918 0.78918 
0.79583 0.79583 0.79583 
0.77260 0.77260 0.77260 
0.77516 0.77516 0.77516 
0.80578 0.80578 0.80578 
0.89709 0.89709 0.89709 
1.01905 1.01905 1.01905 
1.02579 1.02579 1.02579 
0.98398 0.98398 0.98398 
0.87353 0.87353 0.87353 
0.76888 0.76888 0.76888 
0.74777 0.74777 0.74777 
0.76055 0.76055 0.76055 
0.77603 0.77603 0.77603 
0.79381 0.79381 0.79381 
0.81245 0.81245 0.81245 
0.83306 0.83306 0.83306 
0.86044 0.86044 0.86044 
0.86352 0.86352 0.86352 
0.84730 0.84730 0.84730 
0.82924 0.82924 0.82924 
0.78971 0.78971 0.78971 
0.76625 0.76625 0.76625 
0.76083 0.76083 0.76083 
0.76577 0.76577 0.76577 
0.76882 0.76882 0.76882 
0.76327 0.76327 0.76327 
0.75339 0.75339 0.75339 
0.73981 0.73981 0.73981 
0.72893 0.72893 0.72893 
0.73575 0.73575 0.73575 
0.76596 0.76596 0.76596 
0.79360 0.79360 0.79360 
0.82703 0.82703 0.82703 
0.84958 0.84958 0.84958 
0.87398 0.87398 0.87398 
0.89952 0.89952 0.89952 
0.92501 0.92501 0.92501 
0.94985 0.94985 0.94985 
0.96774 0.96774 0.96774 
0.98341 0.98341 0.98341 
0.99694 0.99694 0.99694 
1.08018 1.08018 1.08018 
1.23992 1.23992 1.23992 
1.23364 1.23364 1.23364 
1.13501 1.13501 1.13501 
1.00397 1.00397 1.00397 
0.98305 0.98305 0.98305 
0.97169 0.97169 0.97169 
0.94256 0.94256 0.94256 
0.93245 0.93245 0.93245 
0.92656 0.92656 0.92656 
0.92160 0.92160 0.92160 
0.91832 0.91832 0.91832 
0.91620 0.91620 0.91620 
0.91813 0.91813 0.91813 
0.92490 0.92490 0.92490 
0.92741 0.92741 0.92741 
0.94730 0.94730 0.94730 
0.98663 0.98663 0.98663 
1.04454 1.04454 1.04454 
1.20864 1.20864 1.20864 
1.30006 1.30006 1.30006 
1.20551 1.20551 1.20551 
1.13586 1.13586 1.13586 
1.09575 1.09575 1.09575 
1.09643 1.09643 1.09643 
1.10980 1.10980 1.10980 
1.12371 1.12371 1.12371 
1.13773 1.13773 1.13773 
1.15191 1.15191 1.15191 
1.16573 1.16573 1.16573 
1.17166 1.17166 1.17166 
1.18317 1.18317 1.18317 
1.19563 1.19563 1.19563 
1.20629 1.20629 1.20629 
1.21066 1.21066 1.21066 
1.21023 1.21023 1.21023 
1.20752 1.20752 1.20752 
1.20430 1.20430 1.20430 
1.20463 1.20463 1.20463 
1.22485 1.22485 1.22485 
1.23210 1.23210 1.23210 
1.23782 1.23782 1.23782 
1.24364 1.24364 1.24364 
1.24953 1.24953 1.24953 
1.25550 1.25550 1.25550 
1.26187 1.26187 1.26187 
1.27252 1.27252 1.27252 
1.27346 1.27346 1.27346 
1.26487 1.26487 1.26487 
1.25813 1.25813 1.25813 
1.26942 1.26942 1.26942 
1.33686 1.33686 1.33686 
1.39239 1.39239 1.39239 
1.39834 1.39834 1.39834 
1.40433 1.40433 1.40433 
1.41195 1.41195 1.41195 
1.41368 1.41368 1.41368 
1.41589 1.41589 1.41589 
1.46379 1.46379 1.46379 
1.48111 1.48111 1.48111 
1.47803 1.47803 1.47803 
1.48355 1.48355 1.48355 
1.48903 1.48903 1.48903 
1.49747 1.49747 1.49747 
1.49938 1.49938 1.49938 
1.50378 1.50378 1.50378 
1.51967 1.51967 1.51967 
1.52370 1.52370 1.52370 
1.52043 1.52043 1.52043 
1.50204 1.50204 1.50204 
1.47973 1.47973 1.47973 
1.48187 1.48187 1.48187 
1.51907 1.51907 1.51907 
1.50359 1.50359 1.50359 
1.45435 1.45435 1.45435 
1.45534 1.45534 1.45534 
1.45562 1.45562 1.45562 
1.46095 1.46095 1.46095 
1.47407 1.47407 1.47407 
1.49232 1.49232 1.49232 
1.50902 1.50902 1.50902 
1.48285 1.48285 1.48285 
1.49209 1.49209 1.49209 
1.50271 1.50271 1.50271 
1.50766 1.50766 1.50766 
1.45461 1.45461 1.45461 
1.43602 1.43602 1.43602 
1.43226 1.43226 1.43226 
1.42943 1.42943 1.42943 
1.42641 1.42641 1.42641 
1.42243 1.42243 1.42243 
1.41780 1.41780 1.41780 
1.41668 1.41668 1.41668 
1.41902 1.41902 1.41902 
1.41964 1.41964 1.41964 
1.42135 1.42135 1.42135 
1.42922 1.42922 1.42922 
1.44353 1.44353 1.44353 
1.44207 1.44207 1.44207 
1.43831 1.43831 1.43831 
1.42764 1.42764 1.42764 
1.48405 1.48405 1.48405 
1.45156 1.45156 1.45156 
1.44654 1.44654 1.44654 
1.46598 1.46598 1.46598 
1.47867 1.47867 1.47867 
1.49804 1.49804 1.49804 
1.51447 1.51447 1.51447 
1.49667 1.49667 1.49667 
1.48241 1.48241 1.48241 
1.48133 1.48133 1.48133 
1.47161 1.47161 1.47161 
1.44456 1.44456 1.44456 
1.39830 1.39830 1.39830 
1.36787 1.36787 1.36787 
1.34029 1.34029 1.34029 
1.31297 1.31297 1.31297 
1.28593 1.28593 1.28593 
1.25962 1.25962 1.25962 
1.23388 1.23388 1.23388 
1.21801 1.21801 1.21801 
1.20667 1.20667 1.20667 
1.19591 1.19591 1.19591 
1.18058 1.18058 1.18058 
1.16420 1.16420 1.16420 
1.15318 1.15318 1.15318 
1.14586 1.14586 1.14586 
1.14046 1.14046 1.14046 
1.13734 1.13734 1.13734 
1.13667 1.13667 1.13667 
1.13903 1.13903 1.13903 
1.14602 1.14602 1.14602 
1.09164 1.09164 1.09164 
0.98583 0.98583 0.98583 
0.98373 0.98373 0.98373 
0.98394 0.98394 0.98394 
0.98541 0.98541 0.98541 
