0.00000 0.00000 0.00000 
0.00000 0.00000 0.00000 
0.00000 0.00000 0.00000 
0.00000 0.00000 0.00000 
0.00000 0.00000 0.00000 
0.00000 0.00000 0.00000 
0.00000 0.00000 0.00000 
0.00000 0.00000 0.00000 
0.00000 0.00000 0.00000 
0.00000 0.00000 0.00000 
0.00000 0.00000 0.00000 
0.00000 0.00000 0.00000 
0.00000 0.00000 0.00000 
0.00000 0.00000 0.00000 
0.00000 0.00000 0.00000 
0.00000 0.00000 0.00000 
0.00000 0.00000 0.00000 
0.00000 0.00000 0.00000 
0.00153 0.00153 0.00153 
0.00814 0.00814 0.00814 
0.01399 0.01399 0.01399 
0.05907 0.05907 0.05907 
0.08914 0.08914 0.08914 
0.05395 0.05395 0.05395 
0.06533 0.06533 0.06533 
0.07721 0.07721 0.07721 
0.08958 0.08958 0.08958 
0.10216 0.10216 0.10216 
0.11293 0.11293 0.11293 
0.12178 0.12178 0.12178 
0.12805 0.12805 0.12805 
0.13175 0.13175 0.13175 
0.13844 0.13844 0.13844 
0.14358 0.14358 0.14358 
0.15150 0.15150 0.15150 
0.16296 0.16296 0.16296 
0.17463 0.17463 0.17463 
0.18652 0.18652 0.18652 
0.19860 0.19860 0.19860 
0.21100 0.21100 0.21100 
0.21798 0.21798 0.21798 
0.22280 0.22280 0.22280 
0.22578 0.22578 0.22578 
0.22736 0.22736 0.22736 
0.22943 0.22943 0.22943 
0.23539 0.23539 0.23539 
0.24345 0.24345 0.24345 
0.25203 0.25203 0.25203 
0.26112 0.26112 0.26112 
0.27032 0.27032 0.27032 
0.28138 0.28138 0.28138 
0.29167 0.29167 0.29167 
0.30092 0.30092 0.30092 
0.31048 0.31048 0.31048 
0.32115 0.32115 0.32115 
0.33268 0.33268 0.33268 
0.34477 0.34477 0.34477 
0.35874 0.35874 0.35874 
0.38072 0.38072 0.38072 
0.39841 0.39841 0.39841 
0.41444 0.41444 0.41444 
0.43126 0.43126 0.43126 
0.44906 0.44906 0.44906 
0.46761 0.46761 0.46761 
0.48700 0.48700 0.48700 
0.49584 0.49584 0.49584 
0.48927 0.48927 0.48927 
0.49049 0.49049 0.49049 
0.50583 0.50583 0.50583 
0.53215 0.53215 0.53215 
0.56155 0.56155 0.56155 
0.60302 0.60302 0.60302 
0.49189 0.49189 0.49189 
0.44346 0.44346 0.44346 
0.44947 0.44947 0.44947 
0.45538 0.45538 0.45538 
0.46121 0.46121 0.46121 
0.46588 0.46588 0.46588 
0.46770 0.46770 0.46770 
0.46765 0.46765 0.46765 
0.46541 0.46541 0.46541 
0.46269 0.46269 0.46269 
0.45973 0.45973 0.45973 
0.45627 0.45627 0.45627 
0.45226 0.45226 0.45226 
0.45081 0.45081 0.45081 
0.44828 0.44828 0.44828 
0.44384 0.44384 0.44384 
0.44003 0.44003 0.44003 
0.43785 0.43785 0.43785 
0.43845 0.43845 0.43845 
0.43939 0.43939 0.43939 
0.44026 0.44026 0.44026 
0.44244 0.44244 0.44244 
0.44668 0.44668 0.44668 
0.45041 0.45041 0.45041 
0.45352 0.45352 0.45352 
0.45617 0.45617 0.45617 
0.45848 0.45848 0.45848 
0.46043 0.46043 0.46043 
0.46193 0.46193 0.46193 
0.46303 0.46303 0.46303 
0.46385 0.46385 0.46385 
0.46741 0.46741 0.46741 
0.48087 0.48087 0.48087 
0.50219 0.50219 0.50219 
0.52060 0.52060 0.52060 
0.53551 0.53551 0.53551 
0.54716 0.54716 0.54716 
0.55505 0.55505 0.55505 
0.55948 0.55948 0.55948 
0.56275 0.56275 0.56275 
0.56905 0.56905 0.56905 
0.58143 0.58143 0.58143 
0.60435 0.60435 0.60435 
0.63328 0.63328 0.63328 
0.65966 0.65966 0.65966 
0.67923 0.67923 0.67923 
0.68177 0.68177 0.68177 
0.61965 0.61965 0.61965 
0.55924 0.55924 0.55924 
0.53166 0.53166 0.53166 
0.69617 0.69617 0.69617 
0.58310 0.58310 0.58310 
0.39903 0.39903 0.39903 
0.36410 0.36410 0.36410 
0.31096 0.31096 0.31096 
0.24739 0.24739 0.24739 
0.20821 0.20821 0.20821 
0.16992 0.16992 0.16992 
0.13734 0.13734 0.13734 
0.10408 0.10408 0.10408 
0.08631 0.08631 0.08631 
0.07314 0.07314 0.07314 
0.07574 0.07574 0.07574 
0.07900 0.07900 0.07900 
0.09500 0.09500 0.09500 
0.11017 0.11017 0.11017 
0.12037 0.12037 0.12037 
0.14780 0.14780 0.14780 
0.17080 0.17080 0.17080 
0.19459 0.19459 0.19459 
0.24379 0.24379 0.24379 
0.30357 0.30357 0.30357 
0.24740 0.24740 0.24740 
0.23175 0.23175 0.23175 
0.23874 0.23874 0.23874 
0.24070 0.24070 0.24070 
0.24077 0.24077 0.24077 
0.24517 0.24517 0.24517 
0.26941 0.26941 0.26941 
0.29910 0.29910 0.29910 
0.29564 0.29564 0.29564 
0.34372 0.34372 0.34372 
0.39769 0.39769 0.39769 
0.40738 0.40738 0.40738 
0.37291 0.37291 0.37291 
0.39140 0.39140 0.39140 
0.44130 0.44130 0.44130 
0.53128 0.53128 0.53128 
0.57020 0.57020 0.57020 
0.52448 0.52448 0.52448 
0.50092 0.50092 0.50092 
0.39130 0.39130 0.39130 
0.33972 0.33972 0.33972 
0.32790 0.32790 0.32790 
0.30776 0.30776 0.30776 
0.29825 0.29825 0.29825 
0.29209 0.29209 0.29209 
0.28334 0.28334 0.28334 
0.23529 0.23529 0.23529 
0.24976 0.24976 0.24976 
0.31435 0.31435 0.31435 
0.25398 0.25398 0.25398 
0.26692 0.26692 0.26692 
0.27995 0.27995 0.27995 
0.29052 0.29052 0.29052 
0.22003 0.22003 0.22003 
0.20508 0.20508 0.20508 
0.19823 0.19823 0.19823 
0.19329 0.19329 0.19329 
0.20348 0.20348 0.20348 
0.21649 0.21649 0.21649 
0.16769 0.16769 0.16769 
0.16092 0.16092 0.16092 
0.20497 0.20497 0.20497 
0.20562 0.20562 0.20562 
0.21165 0.21165 0.21165 
0.24955 0.24955 0.24955 
0.29144 0.29144 0.29144 
0.27253 0.27253 0.27253 
0.32508 0.32508 0.32508 
0.38648 0.38648 0.38648 
0.27352 0.27352 0.27352 
0.25720 0.25720 0.25720 
0.25468 0.25468 0.25468 
0.24226 0.24226 0.24226 
0.23854 0.23854 0.23854 
0.24277 0.24277 0.24277 
0.25112 0.25112 0.25112 
0.26496 0.26496 0.26496 
0.28408 0.28408 0.28408 
0.32794 0.32794 0.32794 
0.29216 0.29216 0.29216 
0.23336 0.23336 0.23336 
0.22059 0.22059 0.22059 
0.19966 0.19966 0.19966 
0.16284 0.16284 0.16284 
0.15136 0.15136 0.15136 
0.15416 0.15416 0.15416 
0.14021 0.14021 0.14021 
0.12616 0.12616 0.12616 
0.13208 0.13208 0.13208 
0.14428 0.14428 0.14428 
0.15243 0.15243 0.15243 
0.13949 0.13949 0.13949 
0.14492 0.14492 0.14492 
0.13953 0.13953 0.13953 
0.11909 0.11909 0.11909 
0.12115 0.12115 0.12115 
0.06895 0.06895 0.06895 
0.10971 0.10971 0.10971 
0.15262 0.15262 0.15262 
0.15275 0.15275 0.15275 
0.13996 0.13996 0.13996 
0.15370 0.15370 0.15370 
0.16827 0.16827 0.16827 
0.11011 0.11011 0.11011 
0.09855 0.09855 0.09855 
0.12386 0.12386 0.12386 
0.16554 0.16554 0.16554 
0.20469 0.20469 0.20469 
0.18774 0.18774 0.18774 
0.12305 0.12305 0.12305 
0.12113 0.12113 0.12113 
0.14285 0.14285 0.14285 
0.19072 0.19072 0.19072 
0.22090 0.22090 0.22090 
0.09736 0.09736 0.09736 
0.09292 0.09292 0.09292 
0.12229 0.12229 0.12229 
0.12761 0.12761 0.12761 
0.11721 0.11721 0.11721 
0.12311 0.12311 0.12311 
0.12135 0.12135 0.12135 
0.12988 0.12988 0.12988 
0.13434 0.13434 0.13434 
0.12685 0.12685 0.12685 
0.11034 0.11034 0.11034 
0.09228 0.09228 0.09228 
0.12227 0.12227 0.12227 
0.16445 0.16445 0.16445 
0.15119 0.15119 0.15119 
0.11766 0.11766 0.11766 
0.09848 0.09848 0.09848 
0.08688 0.08688 0.08688 
0.07493 0.07493 0.07493 
0.08242 0.08242 0.08242 
0.13591 0.13591 0.13591 
0.13875 0.13875 0.13875 
0.13070 0.13070 0.13070 
0.11867 0.11867 0.11867 
0.12684 0.12684 0.12684 
0.15550 0.15550 0.15550 
0.15822 0.15822 0.15822 
0.18813 0.18813 0.18813 
0.21313 0.21313 0.21313 
0.21381 0.21381 0.21381 
0.18474 0.18474 0.18474 
0.17077 0.17077 0.17077 
0.12746 0.12746 0.12746 
0.07591 0.07591 0.07591 
0.10784 0.10784 0.10784 
0.11590 0.11590 0.11590 
0.13393 0.13393 0.13393 
0.17173 0.17173 0.17173 
0.18519 0.18519 0.18519 
0.15290 0.15290 0.15290 
0.12269 0.12269 0.12269 
0.10717 0.10717 0.10717 
0.09537 0.09537 0.09537 
0.10770 0.10770 0.10770 
0.08277 0.08277 0.08277 
0.06002 0.06002 0.06002 
0.05039 0.05039 0.05039 
0.04881 0.04881 0.04881 
0.04786 0.04786 0.04786 
0.06399 0.06399 0.06399 
0.10913 0.10913 0.10913 
0.05767 0.05767 0.05767 
0.05241 0.05241 0.05241 
0.05124 0.05124 0.05124 
0.05365 0.05365 0.05365 
0.06391 0.06391 0.06391 
0.09274 0.09274 0.09274 
0.11360 0.11360 0.11360 
0.06045 0.06045 0.06045 
0.06138 0.06138 0.06138 
0.07133 0.07133 0.07133 
0.07974 0.07974 0.07974 
0.13392 0.13392 0.13392 
0.16034 0.16034 0.16034 
0.13408 0.13408 0.13408 
0.08373 0.08373 0.08373 
0.09699 0.09699 0.09699 
0.13802 0.13802 0.13802 
0.11764 0.11764 0.11764 
0.09208 0.09208 0.09208 
0.06519 0.06519 0.06519 
0.03893 0.03893 0.03893 
0.03948 0.03948 0.03948 
0.04679 0.04679 0.04679 
0.05379 0.05379 0.05379 
0.04502 0.04502 0.04502 
0.04098 0.04098 0.04098 
0.04046 0.04046 0.04046 
0.04359 0.04359 0.04359 
0.04270 0.04270 0.04270 
0.04124 0.04124 0.04124 
0.04389 0.04389 0.04389 
0.05472 0.05472 0.05472 
0.07629 0.07629 0.07629 
0.08167 0.08167 0.08167 
0.05734 0.05734 0.05734 
0.03831 0.03831 0.03831 
0.03679 0.03679 0.03679 
0.04056 0.04056 0.04056 
0.04441 0.04441 0.04441 
0.04525 0.04525 0.04525 
0.04496 0.04496 0.04496 
0.04364 0.04364 0.04364 
0.04166 0.04166 0.04166 
0.03967 0.03967 0.03967 
0.03804 0.03804 0.03804 
0.03669 0.03669 0.03669 
0.03571 0.03571 0.03571 
0.03359 0.03359 0.03359 
0.03150 0.03150 0.03150 
0.03386 0.03386 0.03386 
0.03898 0.03898 0.03898 
0.04104 0.04104 0.04104 
0.03401 0.03401 0.03401 
0.02795 0.02795 0.02795 
0.02320 0.02320 0.02320 
0.01928 0.01928 0.01928 
0.01607 0.01607 0.01607 
0.01281 0.01281 0.01281 
0.00935 0.00935 0.00935 
0.00724 0.00724 0.00724 
0.00624 0.00624 0.00624 
0.00582 0.00582 0.00582 
0.00586 0.00586 0.00586 
0.00580 0.00580 0.00580 
0.00498 0.00498 0.00498 
0.00410 0.00410 0.00410 
0.00340 0.00340 0.00340 
0.00263 0.00263 0.00263 
0.00183 0.00183 0.00183 
0.00097 0.00097 0.00097 
0.00007 0.00007 0.00007 
-0.00087 -0.00087 -0.00087 
-0.00153 -0.00153 -0.00153 
-0.00212 -0.00212 -0.00212 
-0.00274 -0.00274 -0.00274 
-0.00522 -0.00522 -0.00522 
-0.00636 -0.00636 -0.00636 
0.00529 0.00529 0.00529 
0.01735 0.01735 0.01735 
0.01488 0.01488 0.01488 
0.00201 0.00201 0.00201 
0.00164 0.00164 0.00164 
0.00147 0.00147 0.00147 
0.00147 0.00147 0.00147 
0.00140 0.00140 0.00140 
0.00126 0.00126 0.00126 
0.00104 0.00104 0.00104 
0.00074 0.00074 0.00074 
0.00031 0.00031 0.00031 
-0.00021 -0.00021 -0.00021 
-0.00054 -0.00054 -0.00054 
-0.00125 -0.00125 -0.00125 
-0.00232 -0.00232 -0.00232 
-0.00371 -0.00371 -0.00371 
-0.00664 -0.00664 -0.00664 
-0.00865 -0.00865 -0.00865 
-0.01049 -0.01049 -0.01049 
-0.01345 -0.01345 -0.01345 
-0.01308 -0.01308 -0.01308 
-0.01316 -0.01316 -0.01316 
-0.01338 -0.01338 -0.01338 
-0.01364 -0.01364 -0.01364 
-0.01391 -0.01391 -0.01391 
-0.01417 -0.01417 -0.01417 
-0.01450 -0.01450 -0.01450 
-0.01461 -0.01461 -0.01461 
-0.01474 -0.01474 -0.01474 
-0.01488 -0.01488 -0.01488 
-0.01501 -0.01501 -0.01501 
-0.01504 -0.01504 -0.01504 
-0.01500 -0.01500 -0.01500 
-0.01504 -0.01504 -0.01504 
-0.01513 -0.01513 -0.01513 
-0.01520 -0.01520 -0.01520 
-0.01527 -0.01527 -0.01527 
-0.01539 -0.01539 -0.01539 
-0.01551 -0.01551 -0.01551 
-0.01563 -0.01563 -0.01563 
-0.01574 -0.01574 -0.01574 
-0.01584 -0.01584 -0.01584 
-0.01594 -0.01594 -0.01594 
-0.01606 -0.01606 -0.01606 
-0.01563 -0.01563 -0.01563 
-0.01517 -0.01517 -0.01517 
-0.01503 -0.01503 -0.01503 
-0.01488 -0.01488 -0.01488 
-0.00953 -0.00953 -0.00953 
-0.00590 -0.00590 -0.00590 
-0.00679 -0.00679 -0.00679 
-0.00763 -0.00763 -0.00763 
-0.00846 -0.00846 -0.00846 
-0.00924 -0.00924 -0.00924 
-0.00994 -0.00994 -0.00994 
-0.00344 -0.00344 -0.00344 
-0.00314 -0.00314 -0.00314 
-0.00439 -0.00439 -0.00439 
-0.00546 -0.00546 -0.00546 
-0.00650 -0.00650 -0.00650 
-0.00752 -0.00752 -0.00752 
-0.00852 -0.00852 -0.00852 
-0.00948 -0.00948 -0.00948 
-0.01029 -0.01029 -0.01029 
-0.01109 -0.01109 -0.01109 
-0.01189 -0.01189 -0.01189 
-0.01258 -0.01258 -0.01258 
-0.01323 -0.01323 -0.01323 
-0.01369 -0.01369 -0.01369 
-0.01320 -0.01320 -0.01320 
-0.01421 -0.01421 -0.01421 
-0.01559 -0.01559 -0.01559 
-0.01554 -0.01554 -0.01554 
-0.01605 -0.01605 -0.01605 
-0.01631 -0.01631 -0.01631 
-0.01629 -0.01629 -0.01629 
-0.01609 -0.01609 -0.01609 
-0.01624 -0.01624 -0.01624 
-0.01971 -0.01971 -0.01971 
-0.02044 -0.02044 -0.02044 
-0.02111 -0.02111 -0.02111 
-0.02151 -0.02151 -0.02151 
-0.02262 -0.02262 -0.02262 
-0.02335 -0.02335 -0.02335 
-0.02383 -0.02383 -0.02383 
-0.02431 -0.02431 -0.02431 
-0.02482 -0.02482 -0.02482 
-0.02538 -0.02538 -0.02538 
-0.02591 -0.02591 -0.02591 
-0.02635 -0.02635 -0.02635 
-0.02664 -0.02664 -0.02664 
-0.02710 -0.02710 -0.02710 
-0.02756 -0.02756 -0.02756 
-0.02776 -0.02776 -0.02776 
-0.02757 -0.02757 -0.02757 
-0.02797 -0.02797 -0.02797 
-0.02830 -0.02830 -0.02830 
-0.02840 -0.02840 -0.02840 
-0.02406 -0.02406 -0.02406 
-0.02632 -0.02632 -0.02632 
-0.02799 -0.02799 -0.02799 
-0.02882 -0.02882 -0.02882 
-0.03012 -0.03012 -0.03012 
-0.03149 -0.03149 -0.03149 
-0.03188 -0.03188 -0.03188 
-0.03180 -0.03180 -0.03180 
-0.03166 -0.03166 -0.03166 
-0.03139 -0.03139 -0.03139 
-0.03095 -0.03095 -0.03095 
-0.02988 -0.02988 -0.02988 
-0.02815 -0.02815 -0.02815 
-0.02761 -0.02761 -0.02761 
-0.02767 -0.02767 -0.02767 
-0.02779 -0.02779 -0.02779 
-0.02797 -0.02797 -0.02797 
-0.02819 -0.02819 -0.02819 
-0.02845 -0.02845 -0.02845 
-0.02834 -0.02834 -0.02834 
-0.02811 -0.02811 -0.02811 
-0.02801 -0.02801 -0.02801 
-0.02796 -0.02796 -0.02796 
-0.02795 -0.02795 -0.02795 
-0.02794 -0.02794 -0.02794 
-0.02793 -0.02793 -0.02793 
-0.02790 -0.02790 -0.02790 
-0.02788 -0.02788 -0.02788 
-0.02789 -0.02789 -0.02789 
-0.02788 -0.02788 -0.02788 
-0.02788 -0.02788 -0.02788 
-0.02794 -0.02794 -0.02794 
-0.02807 -0.02807 -0.02807 
-0.02804 -0.02804 -0.02804 
-0.02800 -0.02800 -0.02800 
-0.02799 -0.02799 -0.02799 
