0.00000 0.00000 0.00000 
0.00000 0.00000 0.00000 
0.00000 0.00000 0.00000 
0.00000 0.00000 0.00000 
0.00000 0.00000 0.00000 
0.00000 0.00000 0.00000 
0.00000 0.00000 0.00000 
0.00000 0.00000 0.00000 
0.00000 0.00000 0.00000 
0.00000 0.00000 0.00000 
0.00000 0.00000 0.00000 
0.00000 0.00000 0.00000 
0.00000 0.00000 0.00000 
0.00000 0.00000 0.00000 
0.00000 0.00000 0.00000 
0.00000 0.00000 0.00000 
0.00000 0.00000 0.00000 
0.00000 0.00000 0.00000 
0.00271 0.00271 0.00271 
0.01135 0.01135 0.01135 
0.01895 0.01895 0.01895 
0.05315 0.05315 0.05315 
0.05584 0.05584 0.05584 
0.03149 0.03149 0.03149 
0.03406 0.03406 0.03406 
0.03667 0.03667 0.03667 
0.03931 0.03931 0.03931 
0.04152 0.04152 0.04152 
0.04153 0.04153 0.04153 
0.04125 0.04125 0.04125 
0.04095 0.04095 0.04095 
0.04107 0.04107 0.04107 
0.04274 0.04274 0.04274 
0.04450 0.04450 0.04450 
0.04634 0.04634 0.04634 
0.04826 0.04826 0.04826 
0.05020 0.05020 0.05020 
0.05217 0.05217 0.05217 
0.05416 0.05416 0.05416 
0.05651 0.05651 0.05651 
0.05684 0.05684 0.05684 
0.05626 0.05626 0.05626 
0.05564 0.05564 0.05564 
0.05499 0.05499 0.05499 
0.05439 0.05439 0.05439 
0.05478 0.05478 0.05478 
0.05595 0.05595 0.05595 
0.05714 0.05714 0.05714 
0.05836 0.05836 0.05836 
0.05959 0.05959 0.05959 
0.36517 0.36517 0.36517 
0.53337 0.53337 0.53337 
0.51777 0.51777 0.51777 
0.50191 0.50191 0.50191 
0.49367 0.49367 0.49367 
0.50732 0.50732 0.50732 
0.52351 0.52351 0.52351 
0.54029 0.54029 0.54029 
1.51839 1.51839 1.51839 
1.79642 1.79642 1.79642 
1.75295 1.75295 1.75295 
1.71178 1.71178 1.71178 
1.71940 1.71940 1.71940 
1.74248 1.74248 1.74248 
1.76516 1.76516 1.76516 
1.78485 1.78485 1.78485 
1.81048 1.81048 1.81048 
1.84081 1.84081 1.84081 
2.13265 2.13265 2.13265 
2.80808 2.80808 2.80808 
2.71767 2.71767 2.71767 
2.63309 2.63309 2.63309 
2.58290 2.58290 2.58290 
2.59011 2.59011 2.59011 
2.62081 2.62081 2.62081 
2.65036 2.65036 2.65036 
2.67878 2.67878 2.67878 
2.70589 2.70589 2.70589 
2.69488 2.69488 2.69488 
2.65573 2.65573 2.65573 
2.63699 2.63699 2.63699 
2.62463 2.62463 2.62463 
2.63592 2.63592 2.63592 
2.64792 2.64792 2.64792 
2.65316 2.65316 2.65316 
2.73198 2.73198 2.73198 
2.76331 2.76331 2.76331 
2.74402 2.74402 2.74402 
2.72690 2.72690 2.72690 
2.71410 2.71410 2.71410 
2.70635 2.70635 2.70635 
2.70729 2.70729 2.70729 
2.71215 2.71215 2.71215 
2.71868 2.71868 2.71868 
2.72579 2.72579 2.72579 
2.73114 2.73114 2.73114 
2.73174 2.73174 2.73174 
2.73380 2.73380 2.73380 
2.74071 2.74071 2.74071 
2.75285 2.75285 2.75285 
2.76504 2.76504 2.76504 
2.78027 2.78027 2.78027 
2.79920 2.79920 2.79920 
2.82214 2.82214 2.82214 
2.85607 2.85607 2.85607 
2.91002 2.91002 2.91002 
2.97861 2.97861 2.97861 
3.07127 3.07127 3.07127 
3.15674 3.15674 3.15674 
3.24973 3.24973 3.24973 
3.36612 3.36612 3.36612 
3.53501 3.53501 3.53501 
3.74972 3.74972 3.74972 
3.86876 3.86876 3.86876 
3.96450 3.96450 3.96450 
3.86088 3.86088 3.86088 
3.61107 3.61107 3.61107 
3.37830 3.37830 3.37830 
3.09725 3.09725 3.09725 
2.68603 2.68603 2.68603 
2.62823 2.62823 2.62823 
2.57520 2.57520 2.57520 
2.83592 2.83592 2.83592 
2.35922 2.35922 2.35922 
2.07710 2.07710 2.07710 
2.13674 2.13674 2.13674 
1.85547 1.85547 1.85547 
1.42116 1.42116 1.42116 
1.36678 1.36678 1.36678 
1.53306 1.53306 1.53306 
2.07627 2.07627 2.07627 
1.96071 1.96071 1.96071 
2.05936 2.05936 2.05936 
2.04319 2.04319 2.04319 
2.10430 2.10430 2.10430 
2.15828 2.15828 2.15828 
3.58087 3.58087 3.58087 
4.05176 4.05176 4.05176 
4.06557 4.06557 4.06557 
4.56367 4.56367 4.56367 
4.87233 4.87233 4.87233 
4.78595 4.78595 4.78595 
5.04867 5.04867 5.04867 
5.28966 5.28966 5.28966 
5.60721 5.60721 5.60721 
6.12938 6.12938 6.12938 
6.21901 6.21901 6.21901 
6.04466 6.04466 6.04466 
5.82256 5.82256 5.82256 
5.65641 5.65641 5.65641 
5.62442 5.62442 5.62442 
5.86376 5.86376 5.86376 
5.32988 5.32988 5.32988 
5.39655 5.39655 5.39655 
5.38459 5.38459 5.38459 
5.18031 5.18031 5.18031 
5.27405 5.27405 5.27405 
5.97462 5.97462 5.97462 
6.17922 6.17922 6.17922 
5.82420 5.82420 5.82420 
5.72662 5.72662 5.72662 
5.30064 5.30064 5.30064 
3.94982 3.94982 3.94982 
2.57140 2.57140 2.57140 
1.99866 1.99866 1.99866 
1.94534 1.94534 1.94534 
2.00499 2.00499 2.00499 
2.04201 2.04201 2.04201 
2.22028 2.22028 2.22028 
1.98406 1.98406 1.98406 
1.64919 1.64919 1.64919 
2.03190 2.03190 2.03190 
2.43080 2.43080 2.43080 
1.72160 1.72160 1.72160 
1.76483 1.76483 1.76483 
1.64754 1.64754 1.64754 
1.36959 1.36959 1.36959 
1.21474 1.21474 1.21474 
0.93535 0.93535 0.93535 
0.86222 0.86222 0.86222 
0.82207 0.82207 0.82207 
1.15411 1.15411 1.15411 
1.60351 1.60351 1.60351 
0.98745 0.98745 0.98745 
0.95220 0.95220 0.95220 
1.26668 1.26668 1.26668 
1.32845 1.32845 1.32845 
1.34172 1.34172 1.34172 
1.23481 1.23481 1.23481 
1.36297 1.36297 1.36297 
1.24535 1.24535 1.24535 
1.19040 1.19040 1.19040 
1.26321 1.26321 1.26321 
1.15629 1.15629 1.15629 
1.13779 1.13779 1.13779 
1.18383 1.18383 1.18383 
1.16991 1.16991 1.16991 
1.15401 1.15401 1.15401 
1.15335 1.15335 1.15335 
1.24857 1.24857 1.24857 
1.43555 1.43555 1.43555 
1.53592 1.53592 1.53592 
1.45304 1.45304 1.45304 
1.30247 1.30247 1.30247 
1.26035 1.26035 1.26035 
1.39702 1.39702 1.39702 
1.39035 1.39035 1.39035 
1.42387 1.42387 1.42387 
1.55428 1.55428 1.55428 
1.48347 1.48347 1.48347 
1.44195 1.44195 1.44195 
1.42291 1.42291 1.42291 
1.52112 1.52112 1.52112 
1.60930 1.60930 1.60930 
1.57829 1.57829 1.57829 
1.62403 1.62403 1.62403 
1.68337 1.68337 1.68337 
1.69609 1.69609 1.69609 
1.75742 1.75742 1.75742 
1.96248 1.96248 1.96248 
1.82474 1.82474 1.82474 
2.09660 2.09660 2.09660 
2.28938 2.28938 2.28938 
1.58943 1.58943 1.58943 
1.24557 1.24557 1.24557 
1.13365 1.13365 1.13365 
1.11209 1.11209 1.11209 
1.22135 1.22135 1.22135 
1.29991 1.29991 1.29991 
1.21376 1.21376 1.21376 
1.23210 1.23210 1.23210 
1.18864 1.18864 1.18864 
1.17724 1.17724 1.17724 
1.11094 1.11094 1.11094 
1.07504 1.07504 1.07504 
1.06087 1.06087 1.06087 
1.12565 1.12565 1.12565 
1.12157 1.12157 1.12157 
0.98491 0.98491 0.98491 
1.18690 1.18690 1.18690 
1.29142 1.29142 1.29142 
1.38056 1.38056 1.38056 
1.45428 1.45428 1.45428 
1.32804 1.32804 1.32804 
1.25608 1.25608 1.25608 
1.25874 1.25874 1.25874 
1.31501 1.31501 1.31501 
1.29482 1.29482 1.29482 
1.32976 1.32976 1.32976 
1.30325 1.30325 1.30325 
1.36610 1.36610 1.36610 
1.31093 1.31093 1.31093 
1.22080 1.22080 1.22080 
1.08976 1.08976 1.08976 
1.07323 1.07323 1.07323 
1.07625 1.07625 1.07625 
1.11576 1.11576 1.11576 
1.13335 1.13335 1.13335 
1.12882 1.12882 1.12882 
1.17104 1.17104 1.17104 
1.08795 1.08795 1.08795 
1.04723 1.04723 1.04723 
0.99003 0.99003 0.99003 
0.99151 0.99151 0.99151 
0.96067 0.96067 0.96067 
0.91177 0.91177 0.91177 
0.89277 0.89277 0.89277 
0.94620 0.94620 0.94620 
0.88104 0.88104 0.88104 
1.13905 1.13905 1.13905 
0.92563 0.92563 0.92563 
0.77264 0.77264 0.77264 
0.98889 0.98889 0.98889 
0.99556 0.99556 0.99556 
0.93592 0.93592 0.93592 
0.92837 0.92837 0.92837 
0.89835 0.89835 0.89835 
0.89326 0.89326 0.89326 
0.82743 0.82743 0.82743 
0.72425 0.72425 0.72425 
0.68779 0.68779 0.68779 
0.78265 0.78265 0.78265 
0.78970 0.78970 0.78970 
0.97593 0.97593 0.97593 
0.67270 0.67270 0.67270 
0.56188 0.56188 0.56188 
0.60352 0.60352 0.60352 
0.73320 0.73320 0.73320 
1.00124 1.00124 1.00124 
0.65986 0.65986 0.65986 
0.50244 0.50244 0.50244 
0.52703 0.52703 0.52703 
0.76248 0.76248 0.76248 
1.15725 1.15725 1.15725 
1.47076 1.47076 1.47076 
1.37752 1.37752 1.37752 
1.12289 1.12289 1.12289 
0.90283 0.90283 0.90283 
0.94225 0.94225 0.94225 
0.92013 0.92013 0.92013 
1.31845 1.31845 1.31845 
1.41006 1.41006 1.41006 
1.51844 1.51844 1.51844 
1.19961 1.19961 1.19961 
1.08141 1.08141 1.08141 
1.54132 1.54132 1.54132 
1.37904 1.37904 1.37904 
1.43322 1.43322 1.43322 
1.13228 1.13228 1.13228 
0.88595 0.88595 0.88595 
0.84584 0.84584 0.84584 
0.92719 0.92719 0.92719 
0.93952 0.93952 0.93952 
1.02115 1.02115 1.02115 
1.11674 1.11674 1.11674 
1.23587 1.23587 1.23587 
1.38741 1.38741 1.38741 
1.57074 1.57074 1.57074 
1.84934 1.84934 1.84934 
1.99892 1.99892 1.99892 
2.05570 2.05570 2.05570 
1.96782 1.96782 1.96782 
1.84109 1.84109 1.84109 
1.76164 1.76164 1.76164 
1.67735 1.67735 1.67735 
1.63603 1.63603 1.63603 
1.37944 1.37944 1.37944 
1.15736 1.15736 1.15736 
1.24394 1.24394 1.24394 
1.21038 1.21038 1.21038 
1.13265 1.13265 1.13265 
0.97192 0.97192 0.97192 
0.85277 0.85277 0.85277 
0.84942 0.84942 0.84942 
0.89269 0.89269 0.89269 
0.94184 0.94184 0.94184 
1.18904 1.18904 1.18904 
1.48951 1.48951 1.48951 
1.90494 1.90494 1.90494 
2.28069 2.28069 2.28069 
2.38212 2.38212 2.38212 
2.40536 2.40536 2.40536 
2.39902 2.39902 2.39902 
2.30836 2.30836 2.30836 
2.22391 2.22391 2.22391 
2.17296 2.17296 2.17296 
2.15122 2.15122 2.15122 
2.13011 2.13011 2.13011 
1.92854 1.92854 1.92854 
1.64847 1.64847 1.64847 
1.44356 1.44356 1.44356 
1.34798 1.34798 1.34798 
1.33946 1.33946 1.33946 
1.43211 1.43211 1.43211 
1.52815 1.52815 1.52815 
1.61967 1.61967 1.61967 
1.69605 1.69605 1.69605 
1.77308 1.77308 1.77308 
1.85271 1.85271 1.85271 
1.93341 1.93341 1.93341 
2.01282 2.01282 2.01282 
2.06270 2.06270 2.06270 
2.09964 2.09964 2.09964 
2.12966 2.12966 2.12966 
2.40399 2.40399 2.40399 
2.87075 2.87075 2.87075 
2.81198 2.81198 2.81198 
2.48433 2.48433 2.48433 
2.02189 2.02189 2.02189 
1.95907 1.95907 1.95907 
1.94008 1.94008 1.94008 
1.92081 1.92081 1.92081 
1.91019 1.91019 1.91019 
1.90281 1.90281 1.90281 
1.89756 1.89756 1.89756 
1.89471 1.89471 1.89471 
1.89416 1.89416 1.89416 
1.89908 1.89908 1.89908 
1.90408 1.90408 1.90408 
1.89135 1.89135 1.89135 
1.91001 1.91001 1.91001 
1.95688 1.95688 1.95688 
2.02831 2.02831 2.02831 
2.24627 2.24627 2.24627 
2.36046 2.36046 2.36046 
2.21042 2.21042 2.21042 
2.10311 2.10311 2.10311 
2.04418 2.04418 2.04418 
2.03479 2.03479 2.03479 
2.04782 2.04782 2.04782 
2.06772 2.06772 2.06772 
2.08735 2.08735 2.08735 
2.10666 2.10666 2.10666 
2.12347 2.12347 2.12347 
2.11904 2.11904 2.11904 
2.12758 2.12758 2.12758 
2.13729 2.13729 2.13729 
2.14553 2.14553 2.14553 
2.14836 2.14836 2.14836 
2.14782 2.14782 2.14782 
2.14492 2.14492 2.14492 
2.13974 2.13974 2.13974 
2.14143 2.14143 2.14143 
2.15346 2.15346 2.15346 
2.16002 2.16002 2.16002 
2.16546 2.16546 2.16546 
2.17043 2.17043 2.17043 
2.17507 2.17507 2.17507 
2.17842 2.17842 2.17842 
2.17988 2.17988 2.17988 
2.18399 2.18399 2.18399 
2.14340 2.14340 2.14340 
2.09213 2.09213 2.09213 
2.07321 2.07321 2.07321 
2.07482 2.07482 2.07482 
2.25618 2.25618 2.25618 
2.38950 2.38950 2.38950 
2.37143 2.37143 2.37143 
2.35836 2.35836 2.35836 
2.35146 2.35146 2.35146 
2.34232 2.34232 2.34232 
2.33413 2.33413 2.33413 
2.51854 2.51854 2.51854 
2.54859 2.54859 2.54859 
2.53891 2.53891 2.53891 
2.53162 2.53162 2.53162 
2.52374 2.52374 2.52374 
2.51596 2.51596 2.51596 
2.50878 2.50878 2.50878 
2.51078 2.51078 2.51078 
2.51866 2.51866 2.51866 
2.51593 2.51593 2.51593 
2.50419 2.50419 2.50419 
2.47748 2.47748 2.47748 
2.44991 2.44991 2.44991 
2.44084 2.44084 2.44084 
2.49326 2.49326 2.49326 
2.43786 2.43786 2.43786 
2.36243 2.36243 2.36243 
2.38057 2.38057 2.38057 
2.37808 2.37808 2.37808 
2.39029 2.39029 2.39029 
2.39221 2.39221 2.39221 
2.38434 2.38434 2.38434 
2.35878 2.35878 2.35878 
2.29158 2.29158 2.29158 
2.27947 2.27947 2.27947 
2.26950 2.26950 2.26950 
2.25584 2.25584 2.25584 
2.18012 2.18012 2.18012 
2.14073 2.14073 2.14073 
2.11928 2.11928 2.11928 
2.10035 2.10035 2.10035 
2.08332 2.08332 2.08332 
2.06551 2.06551 2.06551 
2.04626 2.04626 2.04626 
2.03051 2.03051 2.03051 
2.02699 2.02699 2.02699 
2.01513 2.01513 2.01513 
2.00572 2.00572 2.00572 
2.00232 2.00232 2.00232 
2.00660 2.00660 2.00660 
2.00434 2.00434 2.00434 
2.00128 2.00128 2.00128 
1.99243 1.99243 1.99243 
2.11099 2.11099 2.11099 
2.10131 2.10131 2.10131 
2.06238 2.06238 2.06238 
2.10989 2.10989 2.10989 
2.13851 2.13851 2.13851 
2.17069 2.17069 2.17069 
2.19501 2.19501 2.19501 
2.18517 2.18517 2.18517 
2.17983 2.17983 2.17983 
2.18744 2.18744 2.18744 
2.17834 2.17834 2.17834 
2.10130 2.10130 2.10130 
2.00251 2.00251 2.00251 
1.95790 1.95790 1.95790 
1.92042 1.92042 1.92042 
1.88312 1.88312 1.88312 
1.84404 1.84404 1.84404 
1.80532 1.80532 1.80532 
1.76712 1.76712 1.76712 
1.73583 1.73583 1.73583 
1.70821 1.70821 1.70821 
1.68630 1.68630 1.68630 
1.66009 1.66009 1.66009 
1.63759 1.63759 1.63759 
1.61589 1.61589 1.61589 
1.59580 1.59580 1.59580 
1.57664 1.57664 1.57664 
1.55824 1.55824 1.55824 
1.54117 1.54117 1.54117 
1.52812 1.52812 1.52812 
1.52275 1.52275 1.52275 
1.49772 1.49772 1.49772 
1.45324 1.45324 1.45324 
1.44827 1.44827 1.44827 
1.44539 1.44539 1.44539 
1.44413 1.44413 1.44413 
