0.00000 0.00000 0.00000 
0.00000 0.00000 0.00000 
0.00000 0.00000 0.00000 
0.00000 0.00000 0.00000 
0.00000 0.00000 0.00000 
0.00000 0.00000 0.00000 
0.00000 0.00000 0.00000 
0.00000 0.00000 0.00000 
0.00000 0.00000 0.00000 
0.00000 0.00000 0.00000 
0.00000 0.00000 0.00000 
0.00000 0.00000 0.00000 
0.00000 0.00000 0.00000 
0.00000 0.00000 0.00000 
0.00000 0.00000 0.00000 
0.00000 0.00000 0.00000 
0.00000 0.00000 0.00000 
0.00000 0.00000 0.00000 
0.00000 0.00000 0.00000 
0.00000 0.00000 0.00000 
0.00000 0.00000 0.00000 
0.00001 0.00001 0.00001 
0.00001 0.00001 0.00001 
0.00000 0.00000 0.00000 
0.00000 0.00000 0.00000 
0.00001 0.00001 0.00001 
0.00001 0.00001 0.00001 
0.00001 0.00001 0.00001 
0.00001 0.00001 0.00001 
0.00001 0.00001 0.00001 
0.00001 0.00001 0.00001 
0.00001 0.00001 0.00001 
0.00001 0.00001 0.00001 
0.00001 0.00001 0.00001 
0.00001 0.00001 0.00001 
0.00001 0.00001 0.00001 
0.00001 0.00001 0.00001 
0.00001 0.00001 0.00001 
0.00001 0.00001 0.00001 
0.00001 0.00001 0.00001 
0.00001 0.00001 0.00001 
0.00001 0.00001 0.00001 
0.00001 0.00001 0.00001 
0.00001 0.00001 0.00001 
0.00001 0.00001 0.00001 
0.00001 0.00001 0.00001 
0.00001 0.00001 0.00001 
0.00001 0.00001 0.00001 
0.00001 0.00001 0.00001 
0.00001 0.00001 0.00001 
0.82371 0.82371 0.82371 
1.26285 1.26285 1.26285 
1.20314 1.20314 1.20314 
1.14424 1.14424 1.14424 
1.10571 1.10571 1.10571 
1.12341 1.12341 1.12341 
1.14411 1.14411 1.14411 
1.16430 1.16430 1.16430 
1.18401 1.18401 1.18401 
1.20324 1.20324 1.20324 
1.22199 1.22199 1.22199 
1.24019 1.24019 1.24019 
1.23148 1.23148 1.23148 
1.19598 1.19598 1.19598 
1.16046 1.16046 1.16046 
1.12608 1.12608 1.12608 
1.11936 1.11936 1.11936 
1.12454 1.12454 1.12454 
1.47481 1.47481 1.47481 
2.41679 2.41679 2.41679 
2.36290 2.36290 2.36290 
2.30811 2.30811 2.30811 
2.29558 2.29558 2.29558 
2.29494 2.29494 2.29494 
2.33477 2.33477 2.33477 
2.37448 2.37448 2.37448 
2.41406 2.41406 2.41406 
2.45351 2.45351 2.45351 
2.47742 2.47742 2.47742 
2.45144 2.45144 2.45144 
2.42167 2.42167 2.42167 
2.40166 2.40166 2.40166 
2.42155 2.42155 2.42155 
2.44320 2.44320 2.44320 
2.45362 2.45362 2.45362 
2.46196 2.46196 2.46196 
2.47416 2.47416 2.47416 
2.45648 2.45648 2.45648 
2.45955 2.45955 2.45955 
2.48107 2.48107 2.48107 
2.50265 2.50265 2.50265 
2.52439 2.52439 2.52439 
2.54656 2.54656 2.54656 
2.57192 2.57192 2.57192 
2.59848 2.59848 2.59848 
2.62490 2.62490 2.62490 
2.63887 2.63887 2.63887 
2.64664 2.64664 2.64664 
2.65980 2.65980 2.65980 
2.68586 2.68586 2.68586 
2.71313 2.71313 2.71313 
2.74396 2.74396 2.74396 
2.78009 2.78009 2.78009 
2.81659 2.81659 2.81659 
2.85650 2.85650 2.85650 
2.90318 2.90318 2.90318 
3.23345 3.23345 3.23345 
4.45898 4.45898 4.45898 
4.48528 4.48528 4.48528 
4.51963 4.51963 4.51963 
4.61443 4.61443 4.61443 
4.84946 4.84946 4.84946 
5.11212 5.11212 5.11212 
5.14050 5.14050 5.14050 
5.08086 5.08086 5.08086 
4.85744 4.85744 4.85744 
4.60244 4.60244 4.60244 
4.82519 4.82519 4.82519 
5.15522 5.15522 5.15522 
5.35018 5.35018 5.35018 
6.80897 6.80897 6.80897 
7.12438 7.12438 7.12438 
8.45142 8.45142 8.45142 
8.49672 8.49672 8.49672 
7.21498 7.21498 7.21498 
7.22555 7.22555 7.22555 
7.04863 7.04863 7.04863 
6.44342 6.44342 6.44342 
6.66592 6.66592 6.66592 
6.81623 6.81623 6.81623 
6.91353 6.91353 6.91353 
6.74531 6.74531 6.74531 
7.06114 7.06114 7.06114 
7.77551 7.77551 7.77551 
8.60201 8.60201 8.60201 
9.60928 9.60928 9.60928 
10.17881 10.17881 10.17881 
10.35055 10.35055 10.35055 
9.01075 9.01075 9.01075 
9.04491 9.04491 9.04491 
9.22470 9.22470 9.22470 
8.21554 8.21554 8.21554 
7.01009 7.01009 7.01009 
6.20677 6.20677 6.20677 
4.22857 4.22857 4.22857 
3.64339 3.64339 3.64339 
3.42694 3.42694 3.42694 
3.22039 3.22039 3.22039 
2.95454 2.95454 2.95454 
2.89257 2.89257 2.89257 
2.92946 2.92946 2.92946 
2.65229 2.65229 2.65229 
2.23859 2.23859 2.23859 
1.98855 1.98855 1.98855 
1.88853 1.88853 1.88853 
1.72975 1.72975 1.72975 
1.84300 1.84300 1.84300 
1.92306 1.92306 1.92306 
1.71757 1.71757 1.71757 
1.57368 1.57368 1.57368 
1.68705 1.68705 1.68705 
2.09656 2.09656 2.09656 
1.83880 1.83880 1.83880 
1.65513 1.65513 1.65513 
1.38939 1.38939 1.38939 
1.17220 1.17220 1.17220 
1.19074 1.19074 1.19074 
1.36365 1.36365 1.36365 
1.56675 1.56675 1.56675 
1.19163 1.19163 1.19163 
0.85505 0.85505 0.85505 
1.08524 1.08524 1.08524 
1.53403 1.53403 1.53403 
1.25500 1.25500 1.25500 
1.08763 1.08763 1.08763 
1.09650 1.09650 1.09650 
1.24322 1.24322 1.24322 
1.19767 1.19767 1.19767 
0.71580 0.71580 0.71580 
0.65873 0.65873 0.65873 
0.64901 0.64901 0.64901 
0.85026 0.85026 0.85026 
1.00345 1.00345 1.00345 
0.85260 0.85260 0.85260 
0.87160 0.87160 0.87160 
1.24377 1.24377 1.24377 
1.57245 1.57245 1.57245 
1.69422 1.69422 1.69422 
1.53183 1.53183 1.53183 
1.55357 1.55357 1.55357 
1.66430 1.66430 1.66430 
1.33990 1.33990 1.33990 
1.40028 1.40028 1.40028 
1.41225 1.41225 1.41225 
1.45898 1.45898 1.45898 
1.58723 1.58723 1.58723 
1.64853 1.64853 1.64853 
1.61846 1.61846 1.61846 
1.58697 1.58697 1.58697 
1.61734 1.61734 1.61734 
1.48613 1.48613 1.48613 
1.43076 1.43076 1.43076 
1.46689 1.46689 1.46689 
1.43562 1.43562 1.43562 
1.43997 1.43997 1.43997 
1.60190 1.60190 1.60190 
1.56828 1.56828 1.56828 
1.50480 1.50480 1.50480 
1.60377 1.60377 1.60377 
1.45675 1.45675 1.45675 
1.34079 1.34079 1.34079 
1.27212 1.27212 1.27212 
1.40959 1.40959 1.40959 
1.51243 1.51243 1.51243 
1.54587 1.54587 1.54587 
1.76016 1.76016 1.76016 
1.85469 1.85469 1.85469 
1.86076 1.86076 1.86076 
1.96977 1.96977 1.96977 
2.22666 2.22666 2.22666 
2.34158 2.34158 2.34158 
2.89742 2.89742 2.89742 
3.26182 3.26182 3.26182 
2.54667 2.54667 2.54667 
2.22537 2.22537 2.22537 
2.06430 2.06430 2.06430 
1.99833 1.99833 1.99833 
1.92584 1.92584 1.92584 
1.79872 1.79872 1.79872 
1.76514 1.76514 1.76514 
1.74186 1.74186 1.74186 
1.59539 1.59539 1.59539 
1.66859 1.66859 1.66859 
1.74588 1.74588 1.74588 
1.70781 1.70781 1.70781 
1.61581 1.61581 1.61581 
1.58340 1.58340 1.58340 
1.54632 1.54632 1.54632 
1.35700 1.35700 1.35700 
1.34989 1.34989 1.34989 
1.39477 1.39477 1.39477 
1.28889 1.28889 1.28889 
1.26114 1.26114 1.26114 
1.16677 1.16677 1.16677 
1.05916 1.05916 1.05916 
1.02654 1.02654 1.02654 
1.02671 1.02671 1.02671 
1.01071 1.01071 1.01071 
1.01000 1.01000 1.01000 
1.01815 1.01815 1.01815 
1.16332 1.16332 1.16332 
1.06917 1.06917 1.06917 
0.98066 0.98066 0.98066 
0.85663 0.85663 0.85663 
0.77603 0.77603 0.77603 
0.68813 0.68813 0.68813 
0.71618 0.71618 0.71618 
0.60552 0.60552 0.60552 
0.53062 0.53062 0.53062 
0.44691 0.44691 0.44691 
0.40557 0.40557 0.40557 
0.45059 0.45059 0.45059 
0.40316 0.40316 0.40316 
0.46407 0.46407 0.46407 
0.58759 0.58759 0.58759 
0.58826 0.58826 0.58826 
0.62706 0.62706 0.62706 
0.85909 0.85909 0.85909 
0.65054 0.65054 0.65054 
0.57902 0.57902 0.57902 
0.53229 0.53229 0.53229 
0.49915 0.49915 0.49915 
0.52791 0.52791 0.52791 
0.53401 0.53401 0.53401 
0.53591 0.53591 0.53591 
0.56330 0.56330 0.56330 
0.58804 0.58804 0.58804 
0.64829 0.64829 0.64829 
0.79045 0.79045 0.79045 
0.68549 0.68549 0.68549 
0.69592 0.69592 0.69592 
0.90665 0.90665 0.90665 
0.78625 0.78625 0.78625 
0.68978 0.68978 0.68978 
0.41311 0.41311 0.41311 
0.40966 0.40966 0.40966 
0.44146 0.44146 0.44146 
0.51908 0.51908 0.51908 
0.59831 0.59831 0.59831 
0.43113 0.43113 0.43113 
0.34402 0.34402 0.34402 
0.36707 0.36707 0.36707 
0.51660 0.51660 0.51660 
0.73451 0.73451 0.73451 
0.90468 0.90468 0.90468 
0.73561 0.73561 0.73561 
0.66630 0.66630 0.66630 
0.57516 0.57516 0.57516 
0.55647 0.55647 0.55647 
0.50952 0.50952 0.50952 
0.57334 0.57334 0.57334 
0.50692 0.50692 0.50692 
0.55221 0.55221 0.55221 
0.60831 0.60831 0.60831 
0.61515 0.61515 0.61515 
0.75133 0.75133 0.75133 
0.63892 0.63892 0.63892 
0.68920 0.68920 0.68920 
0.65857 0.65857 0.65857 
0.56637 0.56637 0.56637 
0.54206 0.54206 0.54206 
0.55389 0.55389 0.55389 
0.54760 0.54760 0.54760 
0.51867 0.51867 0.51867 
0.51096 0.51096 0.51096 
0.52658 0.52658 0.52658 
0.53731 0.53731 0.53731 
0.63176 0.63176 0.63176 
0.86486 0.86486 0.86486 
0.86029 0.86029 0.86029 
0.70301 0.70301 0.70301 
0.71056 0.71056 0.71056 
0.77470 0.77470 0.77470 
0.80202 0.80202 0.80202 
0.77263 0.77263 0.77263 
0.75789 0.75789 0.75789 
0.78018 0.78018 0.78018 
0.86995 0.86995 0.86995 
0.98694 0.98694 0.98694 
0.98717 0.98717 0.98717 
0.91996 0.91996 0.91996 
0.80195 0.80195 0.80195 
0.68379 0.68379 0.68379 
0.67835 0.67835 0.67835 
0.71280 0.71280 0.71280 
0.74899 0.74899 0.74899 
0.78441 0.78441 0.78441 
0.81975 0.81975 0.81975 
0.86239 0.86239 0.86239 
0.92599 0.92599 0.92599 
0.93554 0.93554 0.93554 
0.92214 0.92214 0.92214 
0.91037 0.91037 0.91037 
0.89558 0.89558 0.89558 
0.88723 0.88723 0.88723 
0.88078 0.88078 0.88078 
0.87485 0.87485 0.87485 
0.86573 0.86573 0.86573 
0.84453 0.84453 0.84453 
0.81535 0.81535 0.81535 
0.77320 0.77320 0.77320 
0.72705 0.72705 0.72705 
0.71836 0.71836 0.71836 
0.77643 0.77643 0.77643 
0.83383 0.83383 0.83383 
0.89397 0.89397 0.89397 
0.93154 0.93154 0.93154 
0.96806 0.96806 0.96806 
1.00548 1.00548 1.00548 
1.04260 1.04260 1.04260 
1.07772 1.07772 1.07772 
1.09226 1.09226 1.09226 
1.10054 1.10054 1.10054 
1.10616 1.10616 1.10616 
1.27119 1.27119 1.27119 
1.54650 1.54650 1.54650 
1.54621 1.54621 1.54621 
1.41067 1.41067 1.41067 
1.15053 1.15053 1.15053 
1.13076 1.13076 1.13076 
1.13076 1.13076 1.13076 
1.12630 1.12630 1.12630 
1.13160 1.13160 1.13160 
1.13812 1.13812 1.13812 
1.14556 1.14556 1.14556 
1.15411 1.15411 1.15411 
1.16366 1.16366 1.16366 
1.17465 1.17465 1.17465 
1.18110 1.18110 1.18110 
1.17414 1.17414 1.17414 
1.17604 1.17604 1.17604 
1.18006 1.18006 1.18006 
1.18377 1.18377 1.18377 
1.19077 1.19077 1.19077 
1.20002 1.20002 1.20002 
1.20544 1.20544 1.20544 
1.20743 1.20743 1.20743 
1.20156 1.20156 1.20156 
1.20322 1.20322 1.20322 
1.20948 1.20948 1.20948 
1.21589 1.21589 1.21589 
1.22199 1.22199 1.22199 
1.22775 1.22775 1.22775 
1.23293 1.23293 1.23293 
1.21701 1.21701 1.21701 
1.21407 1.21407 1.21407 
1.21349 1.21349 1.21349 
1.21212 1.21212 1.21212 
1.21245 1.21245 1.21245 
1.21564 1.21564 1.21564 
1.21643 1.21643 1.21643 
1.21711 1.21711 1.21711 
1.21966 1.21966 1.21966 
1.24532 1.24532 1.24532 
1.24796 1.24796 1.24796 
1.24780 1.24780 1.24780 
1.24761 1.24761 1.24761 
1.24736 1.24736 1.24736 
1.24706 1.24706 1.24706 
1.24711 1.24711 1.24711 
1.25244 1.25244 1.25244 
1.23096 1.23096 1.23096 
1.19723 1.19723 1.19723 
1.18275 1.18275 1.18275 
1.18079 1.18079 1.18079 
1.21004 1.21004 1.21004 
1.23505 1.23505 1.23505 
1.23560 1.23560 1.23560 
1.23734 1.23734 1.23734 
1.24162 1.24162 1.24162 
1.23493 1.23493 1.23493 
1.22754 1.22754 1.22754 
1.23056 1.23056 1.23056 
1.23310 1.23310 1.23310 
1.22078 1.22078 1.22078 
1.21353 1.21353 1.21353 
1.20422 1.20422 1.20422 
1.20107 1.20107 1.20107 
1.18721 1.18721 1.18721 
1.17639 1.17639 1.17639 
1.17990 1.17990 1.17990 
1.16766 1.16766 1.16766 
1.14354 1.14354 1.14354 
1.11041 1.11041 1.11041 
1.07757 1.07757 1.07757 
1.06394 1.06394 1.06394 
1.06437 1.06437 1.06437 
1.02648 1.02648 1.02648 
1.01049 1.01049 1.01049 
0.99995 0.99995 0.99995 
0.99154 0.99154 0.99154 
0.98685 0.98685 0.98685 
0.98356 0.98356 0.98356 
0.98224 0.98224 0.98224 
0.98015 0.98015 0.98015 
0.96369 0.96369 0.96369 
0.96452 0.96452 0.96452 
0.96745 0.96745 0.96745 
0.96882 0.96882 0.96882 
0.92652 0.92652 0.92652 
0.90691 0.90691 0.90691 
0.89862 0.89862 0.89862 
0.89187 0.89187 0.89187 
0.88493 0.88493 0.88493 
0.87714 0.87714 0.87714 
0.86969 0.86969 0.86969 
0.86832 0.86832 0.86832 
0.86903 0.86903 0.86903 
0.87050 0.87050 0.87050 
0.87335 0.87335 0.87335 
0.87700 0.87700 0.87700 
0.87559 0.87559 0.87559 
0.87249 0.87249 0.87249 
0.86856 0.86856 0.86856 
0.86373 0.86373 0.86373 
0.87768 0.87768 0.87768 
0.85924 0.85924 0.85924 
0.85345 0.85345 0.85345 
0.84959 0.84959 0.84959 
0.83684 0.83684 0.83684 
0.83645 0.83645 0.83645 
0.86151 0.86151 0.86151 
0.86301 0.86301 0.86301 
0.86372 0.86372 0.86372 
0.86584 0.86584 0.86584 
0.86768 0.86768 0.86768 
0.86873 0.86873 0.86873 
0.86837 0.86837 0.86837 
0.86940 0.86940 0.86940 
0.87108 0.87108 0.87108 
0.87293 0.87293 0.87293 
0.87491 0.87491 0.87491 
0.87701 0.87701 0.87701 
0.87889 0.87889 0.87889 
0.88146 0.88146 0.88146 
0.88384 0.88384 0.88384 
0.88442 0.88442 0.88442 
0.87295 0.87295 0.87295 
0.87467 0.87467 0.87467 
0.87827 0.87827 0.87827 
0.88953 0.88953 0.88953 
0.90907 0.90907 0.90907 
0.93661 0.93661 0.93661 
0.97253 0.97253 0.97253 
1.01672 1.01672 1.01672 
1.07769 1.07769 1.07769 
1.01407 1.01407 1.01407 
0.81767 0.81767 0.81767 
0.82965 0.82965 0.82965 
0.83957 0.83957 0.83957 
0.84704 0.84704 0.84704 
