0.00000 0.00000 0.00000 
0.00000 0.00000 0.00000 
0.00000 0.00000 0.00000 
0.00000 0.00000 0.00000 
0.00000 0.00000 0.00000 
0.00000 0.00000 0.00000 
0.00000 0.00000 0.00000 
0.00000 0.00000 0.00000 
0.00000 0.00000 0.00000 
0.00000 0.00000 0.00000 
0.00000 0.00000 0.00000 
0.00000 0.00000 0.00000 
0.00000 0.00000 0.00000 
0.00000 0.00000 0.00000 
0.00000 0.00000 0.00000 
0.00000 0.00000 0.00000 
0.00000 0.00000 0.00000 
0.00000 0.00000 0.00000 
0.00000 0.00000 0.00000 
0.00001 0.00001 0.00001 
0.00001 0.00001 0.00001 
0.00004 0.00004 0.00004 
0.00003 0.00003 0.00003 
0.00001 0.00001 0.00001 
0.00001 0.00001 0.00001 
0.00001 0.00001 0.00001 
0.00001 0.00001 0.00001 
0.00001 0.00001 0.00001 
0.00001 0.00001 0.00001 
0.00001 0.00001 0.00001 
0.00000 0.00000 0.00000 
0.00000 0.00000 0.00000 
0.00000 0.00000 0.00000 
0.00000 0.00000 0.00000 
0.00000 0.00000 0.00000 
0.00000 0.00000 0.00000 
0.00000 0.00000 0.00000 
0.00000 0.00000 0.00000 
0.00000 0.00000 0.00000 
0.00000 0.00000 0.00000 
0.00000 0.00000 0.00000 
0.00000 0.00000 0.00000 
-0.00001 -0.00001 -0.00001 
-0.00001 -0.00001 -0.00001 
-0.00001 -0.00001 -0.00001 
-0.00001 -0.00001 -0.00001 
-0.00001 -0.00001 -0.00001 
-0.00001 -0.00001 -0.00001 
-0.00001 -0.00001 -0.00001 
0.00000 0.00000 0.00000 
0.74490 0.74490 0.74490 
1.14278 1.14278 1.14278 
1.08960 1.08960 1.08960 
1.03703 1.03703 1.03703 
1.00284 1.00284 1.00284 
1.01963 1.01963 1.01963 
1.03918 1.03918 1.03918 
1.05832 1.05832 1.05832 
1.33848 1.33848 1.33848 
1.42390 1.42390 1.42390 
1.42145 1.42145 1.42145 
1.41971 1.41971 1.41971 
1.40938 1.40938 1.40938 
1.38145 1.38145 1.38145 
1.35322 1.35322 1.35322 
1.32576 1.32576 1.32576 
1.32330 1.32330 1.32330 
1.33148 1.33148 1.33148 
1.50021 1.50021 1.50021 
1.93922 1.93922 1.93922 
1.90983 1.90983 1.90983 
1.87977 1.87977 1.87977 
1.87076 1.87076 1.87076 
1.85827 1.85827 1.85827 
1.88342 1.88342 1.88342 
1.90858 1.90858 1.90858 
1.93375 1.93375 1.93375 
1.95893 1.95893 1.95893 
1.97081 1.97081 1.97081 
1.95841 1.95841 1.95841 
1.94843 1.94843 1.94843 
1.94307 1.94307 1.94307 
1.95798 1.95798 1.95798 
1.97281 1.97281 1.97281 
1.97726 1.97726 1.97726 
2.91053 2.91053 2.91053 
3.29697 3.29697 3.29697 
3.23756 3.23756 3.23756 
3.19566 3.19566 3.19566 
3.23116 3.23116 3.23116 
3.28336 3.28336 3.28336 
3.33725 3.33725 3.33725 
3.39216 3.39216 3.39216 
3.44992 3.44992 3.44992 
3.50671 3.50671 3.50671 
3.51941 3.51941 3.51941 
3.50398 3.50398 3.50398 
3.48884 3.48884 3.48884 
3.51735 3.51735 3.51735 
3.56366 3.56366 3.56366 
3.61047 3.61047 3.61047 
3.66049 3.66049 3.66049 
3.71527 3.71527 3.71527 
3.75086 3.75086 3.75086 
3.79069 3.79069 3.79069 
3.85829 3.85829 3.85829 
3.93563 3.93563 3.93563 
4.02498 4.02498 4.02498 
4.11740 4.11740 4.11740 
4.21751 4.21751 4.21751 
4.34440 4.34440 4.34440 
4.54389 4.54389 4.54389 
4.77888 4.77888 4.77888 
4.80222 4.80222 4.80222 
4.74936 4.74936 4.74936 
4.53396 4.53396 4.53396 
4.27140 4.27140 4.27140 
4.39955 4.39955 4.39955 
5.07469 5.07469 5.07469 
5.37513 5.37513 5.37513 
6.53797 6.53797 6.53797 
6.76941 6.76941 6.76941 
7.90982 7.90982 7.90982 
8.14061 8.14061 8.14061 
7.11936 7.11936 7.11936 
7.22095 7.22095 7.22095 
7.22828 7.22828 7.22828 
6.67600 6.67600 6.67600 
7.37051 7.37051 7.37051 
7.84476 7.84476 7.84476 
8.12677 8.12677 8.12677 
7.55883 7.55883 7.55883 
7.39146 7.39146 7.39146 
7.10187 7.10187 7.10187 
6.96318 6.96318 6.96318 
6.83594 6.83594 6.83594 
6.73162 6.73162 6.73162 
6.64212 6.64212 6.64212 
6.34888 6.34888 6.34888 
6.24169 6.24169 6.24169 
6.29412 6.29412 6.29412 
5.97953 5.97953 5.97953 
5.71951 5.71951 5.71951 
5.68808 5.68808 5.68808 
4.83056 4.83056 4.83056 
4.87642 4.87642 4.87642 
5.17090 5.17090 5.17090 
5.14370 5.14370 5.14370 
4.69575 4.69575 4.69575 
4.45048 4.45048 4.45048 
4.30348 4.30348 4.30348 
4.10922 4.10922 4.10922 
3.51672 3.51672 3.51672 
3.18123 3.18123 3.18123 
2.79525 2.79525 2.79525 
2.41394 2.41394 2.41394 
2.46291 2.46291 2.46291 
2.44402 2.44402 2.44402 
2.35406 2.35406 2.35406 
2.19838 2.19838 2.19838 
2.27951 2.27951 2.27951 
2.36028 2.36028 2.36028 
1.97346 1.97346 1.97346 
1.29626 1.29626 1.29626 
0.96608 0.96608 0.96608 
0.87939 0.87939 0.87939 
0.90106 0.90106 0.90106 
1.03252 1.03252 1.03252 
1.34578 1.34578 1.34578 
0.97897 0.97897 0.97897 
0.74072 0.74072 0.74072 
1.27362 1.27362 1.27362 
1.47710 1.47710 1.47710 
1.15845 1.15845 1.15845 
1.10378 1.10378 1.10378 
1.04803 1.04803 1.04803 
1.01662 1.01662 1.01662 
1.09387 1.09387 1.09387 
0.71755 0.71755 0.71755 
0.68157 0.68157 0.68157 
0.71863 0.71863 0.71863 
0.86068 0.86068 0.86068 
0.98228 0.98228 0.98228 
0.70046 0.70046 0.70046 
0.68079 0.68079 0.68079 
0.90150 0.90150 0.90150 
1.03690 1.03690 1.03690 
1.05862 1.05862 1.05862 
1.05863 1.05863 1.05863 
1.31715 1.31715 1.31715 
1.47741 1.47741 1.47741 
1.44578 1.44578 1.44578 
1.62918 1.62918 1.62918 
1.46701 1.46701 1.46701 
1.41320 1.41320 1.41320 
1.49874 1.49874 1.49874 
1.45950 1.45950 1.45950 
1.40398 1.40398 1.40398 
1.38843 1.38843 1.38843 
1.46626 1.46626 1.46626 
1.50024 1.50024 1.50024 
1.59656 1.59656 1.59656 
1.76654 1.76654 1.76654 
1.80128 1.80128 1.80128 
1.74679 1.74679 1.74679 
1.83232 1.83232 1.83232 
1.80263 1.80263 1.80263 
1.79400 1.79400 1.79400 
1.72367 1.72367 1.72367 
1.63805 1.63805 1.63805 
1.65484 1.65484 1.65484 
1.58336 1.58336 1.58336 
1.71430 1.71430 1.71430 
1.90053 1.90053 1.90053 
2.00799 2.00799 2.00799 
2.12305 2.12305 2.12305 
2.20910 2.20910 2.20910 
2.19850 2.19850 2.19850 
2.16634 2.16634 2.16634 
2.55069 2.55069 2.55069 
1.89003 1.89003 1.89003 
1.85708 1.85708 1.85708 
2.32284 2.32284 2.32284 
1.85202 1.85202 1.85202 
1.64614 1.64614 1.64614 
1.61673 1.61673 1.61673 
1.66298 1.66298 1.66298 
1.71014 1.71014 1.71014 
1.72093 1.72093 1.72093 
1.66023 1.66023 1.66023 
1.71040 1.71040 1.71040 
1.74004 1.74004 1.74004 
1.72293 1.72293 1.72293 
1.62485 1.62485 1.62485 
1.52068 1.52068 1.52068 
1.34829 1.34829 1.34829 
1.27950 1.27950 1.27950 
1.24179 1.24179 1.24179 
1.13181 1.13181 1.13181 
1.21370 1.21370 1.21370 
1.09459 1.09459 1.09459 
1.10193 1.10193 1.10193 
1.14170 1.14170 1.14170 
1.01546 1.01546 1.01546 
0.93341 0.93341 0.93341 
0.95904 0.95904 0.95904 
1.04769 1.04769 1.04769 
1.09453 1.09453 1.09453 
1.16863 1.16863 1.16863 
1.20606 1.20606 1.20606 
1.41324 1.41324 1.41324 
1.32563 1.32563 1.32563 
1.24793 1.24793 1.24793 
1.17557 1.17557 1.17557 
1.03757 1.03757 1.03757 
1.03974 1.03974 1.03974 
1.03618 1.03618 1.03618 
0.96077 0.96077 0.96077 
0.96855 0.96855 0.96855 
0.99474 0.99474 0.99474 
0.96012 0.96012 0.96012 
0.95811 0.95811 0.95811 
0.96247 0.96247 0.96247 
0.98197 0.98197 0.98197 
0.96820 0.96820 0.96820 
0.90863 0.90863 0.90863 
0.88696 0.88696 0.88696 
0.86074 0.86074 0.86074 
0.83926 0.83926 0.83926 
0.84442 0.84442 0.84442 
1.06661 1.06661 1.06661 
0.77030 0.77030 0.77030 
0.76917 0.76917 0.76917 
0.72665 0.72665 0.72665 
0.63365 0.63365 0.63365 
0.58602 0.58602 0.58602 
0.53080 0.53080 0.53080 
0.49070 0.49070 0.49070 
0.46048 0.46048 0.46048 
0.38217 0.38217 0.38217 
0.33282 0.33282 0.33282 
0.33135 0.33135 0.33135 
0.31488 0.31488 0.31488 
0.29086 0.29086 0.29086 
0.27349 0.27349 0.27349 
0.26698 0.26698 0.26698 
0.24708 0.24708 0.24708 
0.25653 0.25653 0.25653 
0.29565 0.29565 0.29565 
0.25117 0.25117 0.25117 
0.24021 0.24021 0.24021 
0.23598 0.23598 0.23598 
0.22975 0.22975 0.22975 
0.33311 0.33311 0.33311 
0.34866 0.34866 0.34866 
0.32702 0.32702 0.32702 
0.24477 0.24477 0.24477 
0.23671 0.23671 0.23671 
0.24296 0.24296 0.24296 
0.25439 0.25439 0.25439 
0.29158 0.29158 0.29158 
0.38424 0.38424 0.38424 
0.50134 0.50134 0.50134 
0.41895 0.41895 0.41895 
0.34310 0.34310 0.34310 
0.42821 0.42821 0.42821 
0.37803 0.37803 0.37803 
0.36064 0.36064 0.36064 
0.34221 0.34221 0.34221 
0.31605 0.31605 0.31605 
0.33813 0.33813 0.33813 
0.41459 0.41459 0.41459 
0.51546 0.51546 0.51546 
0.53955 0.53955 0.53955 
0.56606 0.56606 0.56606 
0.64047 0.64047 0.64047 
0.71468 0.71468 0.71468 
0.88773 0.88773 0.88773 
1.23708 1.23708 1.23708 
1.27588 1.27588 1.27588 
1.12253 1.12253 1.12253 
1.05826 1.05826 1.05826 
0.99336 0.99336 0.99336 
0.92684 0.92684 0.92684 
0.87295 0.87295 0.87295 
0.84201 0.84201 0.84201 
0.69577 0.69577 0.69577 
0.55005 0.55005 0.55005 
0.53672 0.53672 0.53672 
0.54095 0.54095 0.54095 
0.55453 0.55453 0.55453 
0.54163 0.54163 0.54163 
0.52043 0.52043 0.52043 
0.52743 0.52743 0.52743 
0.54331 0.54331 0.54331 
0.56007 0.56007 0.56007 
0.69363 0.69363 0.69363 
0.85377 0.85377 0.85377 
1.06054 1.06054 1.06054 
1.22900 1.22900 1.22900 
1.28391 1.28391 1.28391 
1.30601 1.30601 1.30601 
1.31441 1.31441 1.31441 
1.27401 1.27401 1.27401 
1.25103 1.25103 1.25103 
1.24371 1.24371 1.24371 
1.24723 1.24723 1.24723 
1.25736 1.25736 1.25736 
1.17242 1.17242 1.17242 
1.05057 1.05057 1.05057 
0.99150 0.99150 0.99150 
0.98077 0.98077 0.98077 
0.98731 0.98731 0.98731 
1.01306 1.01306 1.01306 
1.04104 1.04104 1.04104 
1.07475 1.07475 1.07475 
1.09516 1.09516 1.09516 
1.11363 1.11363 1.11363 
1.13157 1.13157 1.13157 
1.14889 1.14889 1.14889 
1.16508 1.16508 1.16508 
1.17578 1.17578 1.17578 
1.18145 1.18145 1.18145 
1.18009 1.18009 1.18009 
1.21711 1.21711 1.21711 
1.27509 1.27509 1.27509 
1.22403 1.22403 1.22403 
1.14347 1.14347 1.14347 
1.06572 1.06572 1.06572 
1.05018 1.05018 1.05018 
1.03881 1.03881 1.03881 
1.01840 1.01840 1.01840 
1.01360 1.01360 1.01360 
1.01144 1.01144 1.01144 
1.00972 1.00972 1.00972 
1.00888 1.00888 1.00888 
1.00863 1.00863 1.00863 
1.01021 1.01021 1.01021 
1.01362 1.01362 1.01362 
1.01350 1.01350 1.01350 
1.01973 1.01973 1.01973 
1.03361 1.03361 1.03361 
1.05466 1.05466 1.05466 
1.11670 1.11670 1.11670 
1.15200 1.15200 1.15200 
1.11463 1.11463 1.11463 
1.08300 1.08300 1.08300 
1.05807 1.05807 1.05807 
1.05112 1.05112 1.05112 
1.05131 1.05131 1.05131 
1.05570 1.05570 1.05570 
1.06010 1.06010 1.06010 
1.06448 1.06448 1.06448 
1.06860 1.06860 1.06860 
1.06521 1.06521 1.06521 
1.06804 1.06804 1.06804 
1.07228 1.07228 1.07228 
1.07545 1.07545 1.07545 
1.07610 1.07610 1.07610 
1.07513 1.07513 1.07513 
1.07199 1.07199 1.07199 
1.06878 1.06878 1.06878 
1.06732 1.06732 1.06732 
1.08682 1.08682 1.08682 
1.08922 1.08922 1.08922 
1.08950 1.08950 1.08950 
1.08979 1.08979 1.08979 
1.09007 1.09007 1.09007 
1.08990 1.08990 1.08990 
1.08918 1.08918 1.08918 
1.09176 1.09176 1.09176 
1.09047 1.09047 1.09047 
1.08177 1.08177 1.08177 
1.07205 1.07205 1.07205 
1.07487 1.07487 1.07487 
1.10820 1.10820 1.10820 
1.13325 1.13325 1.13325 
1.13224 1.13224 1.13224 
1.13427 1.13427 1.13427 
1.13801 1.13801 1.13801 
1.13248 1.13248 1.13248 
1.12719 1.12719 1.12719 
1.14030 1.14030 1.14030 
1.14722 1.14722 1.14722 
1.12934 1.12934 1.12934 
1.12509 1.12509 1.12509 
1.11993 1.11993 1.11993 
1.12010 1.12010 1.12010 
1.11388 1.11388 1.11388 
1.11060 1.11060 1.11060 
1.11900 1.11900 1.11900 
1.11670 1.11670 1.11670 
1.11079 1.11079 1.11079 
1.08904 1.08904 1.08904 
1.06474 1.06474 1.06474 
1.06149 1.06149 1.06149 
1.08368 1.08368 1.08368 
1.07668 1.07668 1.07668 
1.03292 1.03292 1.03292 
1.02872 1.02872 1.02872 
1.02505 1.02505 1.02505 
1.02563 1.02563 1.02563 
1.03427 1.03427 1.03427 
1.04181 1.04181 1.04181 
1.04762 1.04762 1.04762 
1.05002 1.05002 1.05002 
1.05210 1.05210 1.05210 
1.05479 1.05479 1.05479 
1.05229 1.05229 1.05229 
1.00705 1.00705 1.00705 
0.99493 0.99493 0.99493 
0.99491 0.99491 0.99491 
0.99487 0.99487 0.99487 
0.99468 0.99468 0.99468 
0.99506 0.99506 0.99506 
0.99573 0.99573 0.99573 
0.99988 0.99988 0.99988 
1.01001 1.01001 1.01001 
1.01533 1.01533 1.01533 
1.02243 1.02243 1.02243 
1.03172 1.03172 1.03172 
1.03947 1.03947 1.03947 
1.04121 1.04121 1.04121 
1.04197 1.04197 1.04197 
1.03963 1.03963 1.03963 
1.09163 1.09163 1.09163 
1.06528 1.06528 1.06528 
1.06606 1.06606 1.06606 
1.08197 1.08197 1.08197 
1.09586 1.09586 1.09586 
1.11635 1.11635 1.11635 
1.14449 1.14449 1.14449 
1.14054 1.14054 1.14054 
1.13762 1.13762 1.13762 
1.14116 1.14116 1.14116 
1.14043 1.14043 1.14043 
1.13051 1.13051 1.13051 
1.11052 1.11052 1.11052 
1.09945 1.09945 1.09945 
1.09047 1.09047 1.09047 
1.08164 1.08164 1.08164 
1.07251 1.07251 1.07251 
1.06468 1.06468 1.06468 
1.05683 1.05683 1.05683 
1.05344 1.05344 1.05344 
1.05207 1.05207 1.05207 
1.04908 1.04908 1.04908 
1.03505 1.03505 1.03505 
1.02855 1.02855 1.02855 
1.02677 1.02677 1.02677 
1.03137 1.03137 1.03137 
1.04155 1.04155 1.04155 
1.05701 1.05701 1.05701 
1.07814 1.07814 1.07814 
1.10540 1.10540 1.10540 
1.14160 1.14160 1.14160 
1.07216 1.07216 1.07216 
0.90052 0.90052 0.90052 
0.90290 0.90290 0.90290 
0.90553 0.90553 0.90553 
0.90823 0.90823 0.90823 
