E_k_pd_100_t_0_100 TD_k_pd_100_t_0_100  PD_k_pd_100_t_0_100_K_1_s PD_k_pd_100_t_0_100_K_1_p PD_k_pd_100_t_0_100_K_1_d  PD_k_pd_100_t_0_100_Pd_2_s PD_k_pd_100_t_0_100_Pd_2_p PD_k_pd_100_t_0_100_Pd_2_d  PD_k_pd_100_t_0_100_Pd_3_s PD_k_pd_100_t_0_100_Pd_3_p PD_k_pd_100_t_0_100_Pd_3_d  PD_k_pd_100_t_0_100_Pd_4_s PD_k_pd_100_t_0_100_Pd_4_p PD_k_pd_100_t_0_100_Pd_4_d  PD_k_pd_100_t_0_100_Pd_5_s PD_k_pd_100_t_0_100_Pd_5_p PD_k_pd_100_t_0_100_Pd_5_d  
-9.213778731    0.00000   0.00000    0.00000    0.00000   0.00000    0.00000    0.00000   0.00000    0.00000    0.00000   0.00000    0.00000    0.00000   0.00000    0.00000    0.00000
-9.186567334    0.00000   0.00000    0.00000    0.00000   0.00000    0.00000    0.00000   0.00000    0.00000    0.00000   0.00000    0.00000    0.00000   0.00000    0.00000    0.00000
-9.159355938    0.00000   0.00000    0.00000    0.00000   0.00000    0.00000    0.00000   0.00000    0.00000    0.00000   0.00000    0.00000    0.00000   0.00000    0.00000    0.00000
-9.132144542    0.00000   0.00000    0.00000    0.00000   0.00000    0.00000    0.00000   0.00000    0.00000    0.00000   0.00000    0.00000    0.00000   0.00000    0.00000    0.00000
-9.104933146    0.00000   0.00000    0.00000    0.00000   0.00000    0.00000    0.00000   0.00000    0.00000    0.00000   0.00000    0.00000    0.00000   0.00000    0.00000    0.00000
-9.077721750    0.00000   0.00000    0.00000    0.00000   0.00000    0.00000    0.00000   0.00000    0.00000    0.00000   0.00000    0.00000    0.00000   0.00000    0.00000    0.00000
-9.050510354    0.00000   0.00000    0.00000    0.00000   0.00000    0.00000    0.00000   0.00000    0.00000    0.00000   0.00000    0.00000    0.00000   0.00000    0.00000    0.00000
-9.023298958    0.00000   0.00000    0.00000    0.00000   0.00000    0.00000    0.00000   0.00000    0.00000    0.00000   0.00000    0.00000    0.00000   0.00000    0.00000    0.00000
-8.996087561    0.00000   0.00000    0.00000    0.00000   0.00000    0.00000    0.00000   0.00000    0.00000    0.00000   0.00000    0.00000    0.00000   0.00000    0.00000    0.00000
-8.968876165    0.00000   0.00000    0.00000    0.00000   0.00000    0.00000    0.00000   0.00000    0.00000    0.00000   0.00000    0.00000    0.00000   0.00000    0.00000    0.00000
-8.941664769    0.00000   0.00000    0.00000    0.00000   0.00000    0.00000    0.00000   0.00000    0.00000    0.00000   0.00000    0.00000    0.00000   0.00000    0.00000    0.00000
-8.914453373    0.00000   0.00000    0.00000    0.00000   0.00000    0.00000    0.00000   0.00000    0.00000    0.00000   0.00000    0.00000    0.00000   0.00000    0.00000    0.00000
-8.887241977    0.00000   0.00000    0.00000    0.00000   0.00000    0.00000    0.00000   0.00000    0.00000    0.00000   0.00000    0.00000    0.00000   0.00000    0.00000    0.00000
-8.860030581    0.00000   0.00000    0.00000    0.00000   0.00000    0.00000    0.00000   0.00000    0.00000    0.00000   0.00000    0.00000    0.00000   0.00000    0.00000    0.00000
-8.832819185    0.00000   0.00000    0.00000    0.00000   0.00000    0.00000    0.00000   0.00000    0.00000    0.00000   0.00000    0.00000    0.00000   0.00000    0.00000    0.00000
-8.805607789    0.00000   0.00000    0.00000    0.00000   0.00000    0.00000    0.00000   0.00000    0.00000    0.00000   0.00000    0.00000    0.00000   0.00000    0.00000    0.00000
-8.778396392    0.00000   0.00000    0.00000    0.00000   0.00000    0.00000    0.00000   0.00000    0.00000    0.00000   0.00000    0.00000    0.00000   0.00000    0.00000    0.00000
-8.751184996    0.00000   0.00000    0.00000    0.00000   0.00000    0.00000    0.00000   0.00000    0.00000    0.00000   0.00000    0.00000    0.00000   0.00000    0.00000    0.00000
-8.723973600    0.00000   0.00000    0.00000    0.00000   0.00000    0.00000    0.00000   0.00000    0.00000    0.00000   0.00000    0.00000    0.00000   0.00000    0.00000    0.00000
-8.696762204    0.00000   0.00000    0.00000    0.00000   0.00000    0.00000    0.00000   0.00000    0.00000    0.00000   0.00000    0.00000    0.00000   0.00000    0.00000    0.00000
-8.669550808    0.00000   0.00000    0.00000    0.00000   0.00000    0.00000    0.00000   0.00000    0.00000    0.00000   0.00000    0.00000    0.00000   0.00000    0.00000    0.00000
-8.642339412    0.00000   0.00000    0.00000    0.00000   0.00000    0.00000    0.00000   0.00000    0.00000    0.00000   0.00000    0.00000    0.00000   0.00000    0.00000    0.00000
-8.615128016    0.00000   0.00000    0.00000    0.00000   0.00000    0.00000    0.00000   0.00000    0.00000    0.00000   0.00000    0.00000    0.00000   0.00000    0.00000    0.00000
-8.587916619    0.00000   0.00000    0.00000    0.00000   0.00000    0.00000    0.00000   0.00000    0.00000    0.00000   0.00000    0.00000    0.00000   0.00000    0.00000    0.00000
-8.560705223    0.00000   0.00000    0.00000    0.00000   0.00000    0.00000    0.00000   0.00000    0.00000    0.00000   0.00000    0.00000    0.00000   0.00000    0.00000    0.00000
-8.533493827    0.00000   0.00000    0.00000    0.00000   0.00000    0.00000    0.00000   0.00000    0.00000    0.00000   0.00000    0.00000    0.00000   0.00000    0.00000    0.00000
-8.506282431    0.00000   0.00000    0.00000    0.00000   0.00000    0.00000    0.00000   0.00000    0.00000    0.00000   0.00000    0.00000    0.00000   0.00000    0.00000    0.00000
-8.479071035    0.00000   0.00000    0.00000    0.00000   0.00000    0.00000    0.00000   0.00000    0.00000    0.00000   0.00000    0.00000    0.00000   0.00000    0.00000    0.00000
-8.451859639    0.00000   0.00000    0.00000    0.00000   0.00000    0.00000    0.00000   0.00000    0.00000    0.00000   0.00000    0.00000    0.00000   0.00000    0.00000    0.00000
-8.424648243    0.00000   0.00000    0.00000    0.00000   0.00000    0.00000    0.00000   0.00000    0.00000    0.00000   0.00000    0.00000    0.00000   0.00000    0.00000    0.00000
-8.397436847    0.00000   0.00000    0.00000    0.00000   0.00000    0.00000    0.00000   0.00000    0.00000    0.00000   0.00000    0.00000    0.00000   0.00000    0.00000    0.00000
-8.370225450    0.00000   0.00000    0.00000    0.00000   0.00000    0.00000    0.00000   0.00000    0.00000    0.00000   0.00000    0.00000    0.00000   0.00000    0.00000    0.00000
-8.343014054    0.00000   0.00000    0.00000    0.00000   0.00000    0.00000    0.00000   0.00000    0.00000    0.00000   0.00000    0.00000    0.00000   0.00000    0.00000    0.00000
-8.315802658    0.00000   0.00000    0.00000    0.00000   0.00000    0.00000    0.00000   0.00000    0.00000    0.00000   0.00000    0.00000    0.00000   0.00000    0.00000    0.00000
-8.288591262    0.00000   0.00000    0.00000    0.00000   0.00000    0.00000    0.00000   0.00000    0.00000    0.00000   0.00000    0.00000    0.00000   0.00000    0.00000    0.00000
-8.261379866    0.00000   0.00000    0.00000    0.00000   0.00000    0.00000    0.00000   0.00000    0.00000    0.00000   0.00000    0.00000    0.00000   0.00000    0.00000    0.00000
-8.234168470    0.00000   0.00000    0.00000    0.00000   0.00000    0.00000    0.00000   0.00000    0.00000    0.00000   0.00000    0.00000    0.00000   0.00000    0.00000    0.00000
-8.206957074    0.00000   0.00000    0.00000    0.00000   0.00000    0.00000    0.00000   0.00000    0.00000    0.00000   0.00000    0.00000    0.00000   0.00000    0.00000    0.00000
-8.179745677    0.00000   0.00000    0.00000    0.00000   0.00000    0.00000    0.00000   0.00000    0.00000    0.00000   0.00000    0.00000    0.00000   0.00000    0.00000    0.00000
-8.152534281    0.00000   0.00000    0.00000    0.00000   0.00000    0.00000    0.00000   0.00000    0.00000    0.00000   0.00000    0.00000    0.00000   0.00000    0.00000    0.00000
-8.125322885    0.00000   0.00000    0.00000    0.00000   0.00000    0.00000    0.00000   0.00000    0.00000    0.00000   0.00000    0.00000    0.00000   0.00000    0.00000    0.00000
-8.098111489    0.00000   0.00000    0.00000    0.00000   0.00000    0.00000    0.00000   0.00000    0.00000    0.00000   0.00000    0.00000    0.00000   0.00000    0.00000    0.00000
-8.070900093    0.00000   0.00000    0.00000    0.00000   0.00000    0.00000    0.00000   0.00000    0.00000    0.00000   0.00000    0.00000    0.00000   0.00000    0.00000    0.00000
-8.043688697    0.00000   0.00000    0.00000    0.00000   0.00000    0.00000    0.00000   0.00000    0.00000    0.00000   0.00000    0.00000    0.00000   0.00000    0.00000    0.00000
-8.016477301    0.00000   0.00000    0.00000    0.00000   0.00000    0.00000    0.00000   0.00000    0.00000    0.00000   0.00000    0.00000    0.00000   0.00000    0.00000    0.00000
-7.989265905    0.00000   0.00000    0.00000    0.00000   0.00000    0.00000    0.00000   0.00000    0.00000    0.00000   0.00000    0.00000    0.00000   0.00000    0.00000    0.00000
-7.962054508    0.00000   0.00000    0.00000    0.00000   0.00000    0.00000    0.00000   0.00000    0.00000    0.00000   0.00000    0.00000    0.00000   0.00000    0.00000    0.00000
-7.934843112    0.00000   0.00000    0.00000    0.00000   0.00000    0.00000    0.00000   0.00000    0.00000    0.00000   0.00000    0.00000    0.00000   0.00000    0.00000    0.00000
-7.907631716    0.00000   0.00000    0.00000    0.00000   0.00000    0.00000    0.00000   0.00000    0.00000    0.00000   0.00000    0.00000    0.00000   0.00000    0.00000    0.00000
-7.880420320    0.00000   0.00000    0.00000    0.00000   0.00000    0.00000    0.00000   0.00000    0.00000    0.00000   0.00000    0.00000    0.00000   0.00000    0.00000    0.00000
-7.853208924    0.00000   0.00000    0.00000    0.00000   0.00000    0.00000    0.00000   0.00000    0.00000    0.00000   0.00000    0.00000    0.00000   0.00000    0.00000    0.00000
-7.825997528    0.00000   0.00000    0.00000    0.00000   0.00000    0.00000    0.00000   0.00000    0.00000    0.00000   0.00000    0.00000    0.00000   0.00000    0.00000    0.00000
-7.798786132    0.00000   0.00000    0.00000    0.00000   0.00000    0.00000    0.00000   0.00000    0.00000    0.00000   0.00000    0.00000    0.00000   0.00000    0.00000    0.00000
-7.771574736    0.00000   0.00000    0.00000    0.00000   0.00000    0.00000    0.00000   0.00000    0.00000    0.00000   0.00000    0.00000    0.00000   0.00000    0.00000    0.00000
-7.744363339    0.00000   0.00000    0.00000    0.00000   0.00000    0.00000    0.00000   0.00000    0.00000    0.00000   0.00000    0.00000    0.00000   0.00000    0.00000    0.00000
-7.717151943    0.00000   0.00000    0.00000    0.00000   0.00000    0.00000    0.00000   0.00000    0.00000    0.00000   0.00000    0.00000    0.00000   0.00000    0.00000    0.00000
-7.689940547    0.00000   0.00000    0.00000    0.00000   0.00000    0.00000    0.00000   0.00000    0.00000    0.00000   0.00000    0.00000    0.00000   0.00000    0.00000    0.00000
-7.662729151    0.00000   0.00000    0.00000    0.00000   0.00000    0.00000    0.00000   0.00000    0.00000    0.00000   0.00000    0.00000    0.00000   0.00000    0.00000    0.00000
-7.635517755    0.00000   0.00000    0.00000    0.00000   0.00000    0.00000    0.00000   0.00000    0.00000    0.00000   0.00000    0.00000    0.00000   0.00000    0.00000    0.00000
-7.608306359    0.00000   0.00000    0.00000    0.00000   0.00000    0.00000    0.00000   0.00000    0.00000    0.00000   0.00000    0.00000    0.00000   0.00000    0.00000    0.00000
-7.581094963    0.00000   0.00000    0.00000    0.00000   0.00000    0.00000    0.00000   0.00000    0.00000    0.00000   0.00000    0.00000    0.00000   0.00000    0.00000    0.00000
-7.553883566    0.00000   0.00000    0.00000    0.00000   0.00000    0.00000    0.00000   0.00000    0.00000    0.00000   0.00000    0.00000    0.00000   0.00000    0.00000    0.00000
-7.526672170    0.00000   0.00000    0.00000    0.00000   0.00000    0.00000    0.00000   0.00000    0.00000    0.00000   0.00000    0.00000    0.00000   0.00000    0.00000    0.00000
-7.499460774    0.00000   0.00000    0.00000    0.00000   0.00000    0.00000    0.00000   0.00000    0.00000    0.00000   0.00000    0.00000    0.00000   0.00000    0.00000    0.00000
-7.472249378    0.00000   0.00000    0.00000    0.00000   0.00000    0.00000    0.00000   0.00000    0.00000    0.00000   0.00000    0.00000    0.00000   0.00000    0.00000    0.00000
-7.445037982    0.00000   0.00000    0.00000    0.00000   0.00000    0.00000    0.00000   0.00000    0.00000    0.00000   0.00000    0.00000    0.00000   0.00000    0.00000    0.00000
-7.417826586    0.00000   0.00000    0.00000    0.00000   0.00000    0.00000    0.00000   0.00000    0.00000    0.00000   0.00000    0.00000    0.00000   0.00000    0.00000    0.00000
-7.390615190    0.00000   0.00000    0.00000    0.00000   0.00000    0.00000    0.00000   0.00000    0.00000    0.00000   0.00000    0.00000    0.00000   0.00000    0.00000    0.00000
-7.363403794    0.00000   0.00000    0.00000    0.00000   0.00000    0.00000    0.00000   0.00000    0.00000    0.00000   0.00000    0.00000    0.00000   0.00000    0.00000    0.00000
-7.336192397    0.00000   0.00000    0.00000    0.00000   0.00000    0.00000    0.00000   0.00000    0.00000    0.00000   0.00000    0.00000    0.00000   0.00000    0.00000    0.00000
-7.308981001    0.00000   0.00000    0.00000    0.00000   0.00000    0.00000    0.00000   0.00000    0.00000    0.00000   0.00000    0.00000    0.00000   0.00000    0.00000    0.00000
-7.281769605    0.00000   0.00000    0.00000    0.00000   0.00000    0.00000    0.00000   0.00000    0.00000    0.00000   0.00000    0.00000    0.00000   0.00000    0.00000    0.00000
-7.254558209    0.00000   0.00000    0.00000    0.00000   0.00000    0.00000    0.00000   0.00000    0.00000    0.00000   0.00000    0.00000    0.00000   0.00000    0.00000    0.00000
-7.227346813    0.00000   0.00000    0.00000    0.00000   0.00000    0.00000    0.00000   0.00000    0.00000    0.00000   0.00000    0.00000    0.00000   0.00000    0.00000    0.00000
-7.200135417    0.00000   0.00000    0.00000    0.00000   0.00000    0.00000    0.00000   0.00000    0.00000    0.00000   0.00000    0.00000    0.00000   0.00000    0.00000    0.00000
-7.172924021    0.00000   0.00000    0.00000    0.00000   0.00000    0.00000    0.00000   0.00000    0.00000    0.00000   0.00000    0.00000    0.00000   0.00000    0.00000    0.00000
-7.145712624    0.00000   0.00000    0.00000    0.00000   0.00000    0.00000    0.00000   0.00000    0.00000    0.00000   0.00000    0.00000    0.00000   0.00000    0.00000    0.00000
-7.118501228    0.00000   0.00000    0.00000    0.00000   0.00000    0.00000    0.00000   0.00000    0.00000    0.00000   0.00000    0.00000    0.00000   0.00000    0.00000    0.00000
-7.091289832    0.00000   0.00000    0.00000    0.00000   0.00000    0.00000    0.00000   0.00000    0.00000    0.00000   0.00000    0.00000    0.00000   0.00000    0.00000    0.00000
-7.064078436    0.00000   0.00000    0.00000    0.00000   0.00000    0.00000    0.00000   0.00000    0.00000    0.00000   0.00000    0.00000    0.00000   0.00000    0.00000    0.00000
-7.036867040    0.00000   0.00000    0.00000    0.00000   0.00000    0.00000    0.00000   0.00000    0.00000    0.00000   0.00000    0.00000    0.00000   0.00000    0.00000    0.00000
-7.009655644    0.00000   0.00000    0.00000    0.00000   0.00000    0.00000    0.00000   0.00000    0.00000    0.00000   0.00000    0.00000    0.00000   0.00000    0.00000    0.00000
-6.982444248    0.00000   0.00000    0.00000    0.00000   0.00000    0.00000    0.00000   0.00000    0.00000    0.00000   0.00000    0.00000    0.00000   0.00000    0.00000    0.00000
-6.955232852    0.00000   0.00000    0.00000    0.00000   0.00000    0.00000    0.00000   0.00000    0.00000    0.00000   0.00000    0.00000    0.00000   0.00000    0.00000    0.00000
-6.928021455    0.00000   0.00000    0.00000    0.00000   0.00000    0.00000    0.00000   0.00000    0.00000    0.00000   0.00000    0.00000    0.00000   0.00000    0.00000    0.00000
-6.900810059   17.20699  -0.00818   -0.06871    0.00130   0.58893    0.00656    0.00611   2.01153    0.02998    0.00398   3.73614    0.02294    0.00205   4.52764    0.01229    0.00178
-6.873598663    5.24125  -0.00137   -0.02104    0.00040   0.17725    0.00263    0.00239   0.61048    0.00997    0.00190   1.13642    0.00833    0.00120   1.37775    0.00538    0.00100
-6.846387267    5.65143  -0.00042   -0.02279    0.00044   0.18907    0.00344    0.00310   0.65610    0.01156    0.00271   1.22380    0.01027    0.00186   1.48425    0.00739    0.00153
-6.819175871    6.06162   0.00067   -0.02454    0.00047   0.20060    0.00434    0.00387   0.70142    0.01327    0.00361   1.31095    0.01241    0.00260   1.59054    0.00963    0.00213
-6.791964475    6.47180   0.00190   -0.02629    0.00051   0.21183    0.00532    0.00472   0.74642    0.01509    0.00461   1.39786    0.01473    0.00342   1.69664    0.01209    0.00279
-6.764753079    6.88199   0.00326   -0.02805    0.00055   0.22278    0.00639    0.00565   0.79111    0.01704    0.00571   1.48454    0.01725    0.00433   1.80253    0.01480    0.00352
-6.737541682    7.29217   0.00477   -0.02981    0.00058   0.23343    0.00755    0.00666   0.83549    0.01910    0.00691   1.57099    0.01995    0.00532   1.90822    0.01773    0.00433
-6.710330286    7.70236   0.00641   -0.03157    0.00062   0.24380    0.00879    0.00773   0.87956    0.02128    0.00820   1.65720    0.02285    0.00640   2.01371    0.02089    0.00520
-6.683118890    8.11254   0.00819   -0.03334    0.00066   0.25387    0.01012    0.00889   0.92332    0.02358    0.00959   1.74319    0.02593    0.00756   2.11900    0.02429    0.00613
-6.655907494    8.52273   0.01011   -0.03512    0.00070   0.26365    0.01154    0.01012   0.96677    0.02600    0.01108   1.82893    0.02921    0.00881   2.22409    0.02792    0.00714
-6.628696098    8.93291   0.01216   -0.03690    0.00074   0.27314    0.01304    0.01142   1.00991    0.02854    0.01266   1.91445    0.03267    0.01014   2.32897    0.03178    0.00822
-6.601484702    9.33922   0.01435   -0.03867    0.00078   0.28222    0.01462    0.01280   1.05230    0.03118    0.01434   1.99890    0.03631    0.01155   2.43265    0.03586    0.00936
-6.574273306    7.50559   0.01205   -0.03065    0.00063   0.22435    0.01241    0.01109   0.84257    0.02616    0.01273   1.60366    0.03108    0.01055   1.95251    0.03112    0.00871
-6.547061910    7.54833   0.01248   -0.03029    0.00064   0.22306    0.01308    0.01207   0.84380    0.02740    0.01438   1.60947    0.03326    0.01238   1.96064    0.03374    0.01049
-6.519850513    7.59107   0.01290   -0.02992    0.00064   0.22171    0.01373    0.01310   0.84489    0.02865    0.01614   1.61511    0.03548    0.01435   1.96862    0.03643    0.01244
-6.492639117    7.63382   0.01334   -0.02955    0.00065   0.22030    0.01438    0.01416   0.84583    0.02991    0.01802   1.62058    0.03775    0.01647   1.97645    0.03917    0.01455
-6.465427721    7.67656   0.01377   -0.02917    0.00065   0.21882    0.01501    0.01527   0.84661    0.03117    0.02000   1.62589    0.04006    0.01874   1.98412    0.04198    0.01681
-6.438216325    7.71930   0.01421   -0.02879    0.00066   0.21728    0.01564    0.01641   0.84724    0.03244    0.02210   1.63103    0.04241    0.02116   1.99165    0.04484    0.01924
-6.411004929    7.76205   0.01465   -0.02840    0.00066   0.21568    0.01625    0.01758   0.84773    0.03372    0.02431   1.63599    0.04481    0.02372   1.99902    0.04777    0.02183
-6.383793533    7.80479   0.01509   -0.02800    0.00067   0.21401    0.01686    0.01880   0.84806    0.03500    0.02663   1.64079    0.04726    0.02644   2.00624    0.05076    0.02459
-6.356582137    7.84753   0.01553   -0.02761    0.00067   0.21228    0.01746    0.02006   0.84824    0.03629    0.02907   1.64542    0.04974    0.02930   2.01331    0.05381    0.02750
-6.329370741   22.12041   0.06306   -0.20894    0.00478   1.86332    0.03571    0.02570   4.27903    0.04833    0.08491   3.48187    0.15206    0.06544   2.02023    0.25684    0.05277
-6.302159344   13.44912   0.03699   -0.09772    0.00228   0.84491    0.02657    0.02513   2.17526    0.04408    0.05502   2.36397    0.09401    0.04943   2.02699    0.13746    0.04478
-6.274947948   14.00540   0.04367   -0.10458    0.00246   0.89200    0.03000    0.02822   2.29053    0.04791    0.05988   2.43521    0.10119    0.05614   2.03895    0.14750    0.05369
-6.247736552   14.63980   0.05110   -0.11176    0.00264   0.93979    0.03396    0.03180   2.41326    0.05248    0.06512   2.52251    0.10913    0.06358   2.07072    0.15818    0.06369
-6.220525156   15.28163   0.05919   -0.11903    0.00283   0.98635    0.03830    0.03569   2.53577    0.05745    0.07051   2.61099    0.11737    0.07154   2.10409    0.16901    0.07464
-6.193313760   15.92347   0.06791   -0.12637    0.00302   1.03150    0.04298    0.03987   2.65725    0.06277    0.07604   2.69909    0.12585    0.08001   2.13717    0.17992    0.08650
-6.166102364   16.56531   0.07726   -0.13378    0.00322   1.07523    0.04801    0.04435   2.77771    0.06846    0.08172   2.78681    0.13459    0.08900   2.16995    0.19092    0.09928
-6.138890968   17.20714   0.08724   -0.14127    0.00342   1.11755    0.05338    0.04913   2.89714    0.07451    0.08753   2.87416    0.14357    0.09850   2.20244    0.20200    0.11298
-6.111679571   17.84898   0.09786   -0.14883    0.00362   1.15844    0.05910    0.05419   3.01555    0.08091    0.09349   2.96113    0.15281    0.10850   2.23463    0.21317    0.12761
-6.084468175   18.49081   0.10912   -0.15646    0.00383   1.19792    0.06517    0.05956   3.13293    0.08768    0.09958   3.04771    0.16229    0.11902   2.26652    0.22443    0.14315
-6.057256779   19.13265   0.12100   -0.16416    0.00405   1.23598    0.07159    0.06521   3.24928    0.09481    0.10582   3.13392    0.17202    0.13005   2.29811    0.23577    0.15962
-6.030045383   18.80192   0.12206   -0.15755    0.00394   1.17443    0.07338    0.06844   3.13913    0.09813    0.10840   3.09560    0.17357    0.13581   2.32941    0.23397    0.16787
-6.002833987   17.62568   0.11275   -0.14087    0.00363   1.05935    0.07082    0.06926   2.88271    0.09669    0.10793   2.91855    0.16714    0.13766   2.26197    0.22149    0.17098
-5.975622591   17.76217   0.11480   -0.13941    0.00368   1.05547    0.07385    0.07475   2.89282    0.10113    0.11578   2.92690    0.17235    0.15096   2.26035    0.22629    0.18941
-5.948411195   17.93983   0.11683   -0.13792    0.00373   1.05167    0.07695    0.08074   2.90561    0.10589    0.12476   2.94285    0.17806    0.16577   2.26881    0.23160    0.20959
-5.921199799   18.11749   0.11873   -0.13629    0.00378   1.04707    0.08001    0.08702   2.91701    0.11072    0.13451   2.95809    0.18385    0.18169   2.27707    0.23693    0.23113
-5.893988402   18.29515   0.12049   -0.13451    0.00382   1.04167    0.08303    0.09361   2.92703    0.11561    0.14504   2.97262    0.18973    0.19871   2.28512    0.24230    0.25402
-5.866777006   18.47281   0.12212   -0.13258    0.00386   1.03547    0.08601    0.10049   2.93566    0.12057    0.15635   2.98644    0.19569    0.21686   2.29297    0.24769    0.27827
-5.839565610   18.65047   0.12361   -0.13050    0.00390   1.02848    0.08894    0.10767   2.94289    0.12560    0.16843   2.99956    0.20173    0.23611   2.30062    0.25311    0.30388
-5.812354214   18.82813   0.12497   -0.12828    0.00394   1.02068    0.09184    0.11515   2.94874    0.13069    0.18129   3.01198    0.20786    0.25647   2.30807    0.25856    0.33085
-5.785142818   19.00579   0.12620   -0.12590    0.00397   1.01209    0.09469    0.12292   2.95320    0.13585    0.19492   3.02369    0.21408    0.27794   2.31531    0.26404    0.35917
-5.757931422   19.18345   0.12729   -0.12339    0.00400   1.00269    0.09750    0.13099   2.95628    0.14108    0.20933   3.03469    0.22038    0.30052   2.32234    0.26954    0.38885
-5.730720026   19.47704   0.12865   -0.12109    0.00404   0.99625    0.10077    0.14006   2.97163    0.14730    0.22559   3.06613    0.22826    0.32564   2.35224    0.27685    0.42151
-5.703508629   19.91281   0.13054   -0.11931    0.00411   0.99552    0.10475    0.15032   3.00551    0.15477    0.24387   3.12044    0.23805    0.35391   2.40332    0.28639    0.45815
-5.676297233   20.23026   0.13210   -0.11722    0.00416   0.99209    0.10833    0.16023   3.02733    0.16140    0.26150   3.15061    0.24635    0.38165   2.42450    0.29415    0.49453
-5.649085837   20.54771   0.13355   -0.11500    0.00422   0.98815    0.11192    0.17046   3.04819    0.16813    0.27969   3.18004    0.25475    0.41022   2.44515    0.30194    0.53197
-5.621874441   20.86515   0.13490   -0.11266    0.00428   0.98370    0.11553    0.18102   3.06810    0.17498    0.29843   3.20872    0.26324    0.43960   2.46526    0.30977    0.57046
-5.594663045   21.18260   0.13614   -0.11019    0.00433   0.97874    0.11916    0.19191   3.08706    0.18193    0.31771   3.23665    0.27183    0.46980   2.48485    0.31764    0.61001
-5.567451649   21.64636   0.13889   -0.10883    0.00443   0.98318    0.12396    0.20497   3.13372    0.19043    0.34002   3.28120    0.28224    0.50485   2.50390    0.32736    0.65696
-5.540240253   38.27704   0.42903   -0.38889    0.01189   3.64637    0.14752    0.25051   5.25088    0.42499    0.77129   3.71632    0.71514    0.68571   5.57162    0.34894    1.03498
-5.513028857   29.73701   0.27380   -0.22981    0.00784   2.12371    0.14391    0.25273   4.13019    0.30521    0.58128   3.55318    0.48531    0.67310   3.84429    0.35512    0.93667
-5.485817460   30.86085   0.29588   -0.24249    0.00828   2.20902    0.15146    0.27153   4.23247    0.32167    0.63888   3.59945    0.51126    0.74526   3.98272    0.36627    1.02653
-5.458606064   31.98470   0.31915   -0.25540    0.00873   2.28899    0.15948    0.29122   4.33035    0.33800    0.69948   3.64372    0.53694    0.82276   4.11888    0.37768    1.12131
-5.431394668   33.10854   0.34360   -0.26852    0.00918   2.36361    0.16796    0.31180   4.42384    0.35421    0.76309   3.68599    0.56234    0.90561   4.25278    0.38934    1.22099
-5.404183272   34.23238   0.36924   -0.28185    0.00964   2.43289    0.17690    0.33328   4.51294    0.37030    0.82969   3.72627    0.58746    0.99380   4.38442    0.40126    1.32559
-5.376971876   35.35623   0.39607   -0.29540    0.01011   2.49682    0.18630    0.35566   4.59764    0.38628    0.89929   3.76454    0.61231    1.08733   4.51379    0.41344    1.43510
-5.349760480   36.50029   0.42411   -0.30918    0.01059   2.55553    0.19621    0.37913   4.67912    0.40228    0.97258   3.80421    0.63721    1.18715   4.64562    0.42630    1.55048
-5.322549084   41.44136   0.45793   -0.32449    0.01118   2.63116    0.21352    0.44720   4.96841    0.44545    1.19425   4.44894    0.71984    1.49511   5.58779    0.51315    1.92339
-5.295337687   42.85032   0.47320   -0.32749    0.01146   2.61217    0.22218    0.48864   5.00721    0.45831    1.32150   4.53211    0.73572    1.68944   5.63456    0.52783    2.23906
-5.268126291   43.83966   0.46272   -0.31171    0.01140   2.51940    0.22741    0.53529   4.98249    0.46455    1.45196   4.59156    0.73786    1.90097   5.55801    0.53909    2.59477
-5.240914895   45.66387   0.46813   -0.30779    0.01175   2.52182    0.23674    0.58943   5.04904    0.48102    1.62214   4.67118    0.75723    2.15327   5.59342    0.55327    3.00927
-5.213703499   47.60408   0.47194   -0.30257    0.01209   2.51821    0.24629    0.64849   5.11437    0.49807    1.80830   4.75311    0.77675    2.42993   5.61598    0.56810    3.47003
-5.186492103   83.46647   0.47944   -0.29445    0.01379   2.57043    0.27587    1.30464   5.18235    0.52856    6.01446   5.22183    0.83398    8.49148   6.12202    0.59605   15.50368
-5.159280707   95.65005   0.50447   -0.29572    0.01517   2.68298    0.31944    1.74265   6.22307    0.63523    5.94111   5.85058    0.92996   12.48276   6.24267    0.68190   14.66208
-5.132069311  128.78195   0.50665   -0.29045    0.02031   2.72500    0.38509    2.73863   7.07980    0.66622    8.54024   6.06229    1.00021   19.82340   8.44895    0.75817   21.06002
-5.104857915  201.75426   0.49059   -0.30940    0.02430   2.85185    0.41207    3.86359   7.31552    0.77443   16.79702   9.29096    1.11730   31.23263   9.38187    0.88409   43.76657
-5.077646518  198.26560   0.48145   -0.27633    0.02331   2.77765    0.43002    3.77542   7.25089    0.79161   15.69484   8.61925    1.24237   31.86374  11.14189    1.06356   40.71171
-5.050435122  144.85932   0.46839   -0.25819    0.01953   2.56741    0.37166    2.71409   5.91948    0.64140   11.20255   6.04323    1.00347   22.85273   8.50449    0.80270   28.46066
-5.023223726  142.07729   0.46115   -0.24415    0.01943   2.49097    0.36924    2.69380   5.73599    0.63750   11.14731   5.80535    0.97550   22.43215   7.79134    0.76895   28.46852
-4.996012330  154.82229   0.67691   -0.35090    0.02582   3.52233    0.49708    2.90669   7.14041    0.77441   12.07453   5.70829    1.18833   23.74301   9.22455    0.84503   28.93888
-4.968800934  154.92131   0.61722   -0.30284    0.02465   3.32142    0.51397    3.03875   7.21591    0.77438   12.28051   5.52210    1.16232   23.98595   8.83317    0.83744   28.94200
-4.941589538  195.14689   0.60004   -0.28571    0.02723   3.38970    0.53261    3.91463   7.59824    0.99274   17.83237   7.19800    1.17585   32.66712   8.36742    1.40286   34.09098
-4.914378142  207.11540   0.47852   -0.21089    0.02598   2.75442    0.49757    4.38504   6.69105    0.82218   19.35451   6.10294    1.08418   36.30909   7.75182    1.06851   41.70587
-4.887166746  200.20097   0.46245   -0.19501    0.02562   2.65386    0.49004    4.34237   6.59021    0.83347   18.83984   6.17567    1.09505   34.78707   7.59589    1.11480   39.28899
-4.859955349  205.43765   0.44326   -0.17729    0.02643   2.53535    0.48281    4.60851   6.41754    0.84143   19.89822   6.20769    1.10069   35.97946   7.38532    1.15666   40.16745
-4.832743953  212.45568   0.42372   -0.16021    0.02751   2.41426    0.47660    4.94077   6.29812    0.85752   21.16366   6.35953    1.11197   37.37916   7.12196    1.19827   41.55025
-4.805532557  237.98721   0.40479   -0.13872    0.03302   2.37475    0.52453    6.08646   6.28333    0.89922   28.55036   6.83060    1.20912   40.06570   7.02302    1.27184   43.44603
-4.778321161  315.26993   0.38508   -0.13259    0.08020   2.40999    0.78358   14.17030  11.30760    1.16171   39.22827   9.70694    1.68948   50.05265   8.61341    1.78729   43.18276
-4.751109765  260.54757   0.38885   -0.11758    0.04322   2.30674    0.58586    7.81262   7.37762    1.02339   29.51638   7.85881    1.43874   44.35973   8.06914    1.58951   45.70019
-4.723898369  420.63844   1.14543   -0.48062    0.07678   7.02140    1.09424   19.29657  10.78270    1.72234   58.80957  11.79826    1.73712   66.09324   8.46380    2.71386   51.26674
-4.696686973  372.01367   0.87908   -0.26976    0.06601   5.34752    1.02723   14.08376   9.95323    1.55310   47.68085  10.04053    1.72219   61.19240   8.33412    2.24537   54.88189
-4.669475576  409.47265   0.97436   -0.27127    0.06850   5.63372    1.05912   15.87569   9.75152    1.68932   54.55970  10.88458    1.85918   67.22236   8.74193    2.45664   59.66054
-4.642264180  364.84628   0.90653   -0.28605    0.05903   4.64275    0.85398   14.24939   7.89955    1.47720   47.00613   9.29200    1.64753   61.27524   7.40084    2.12990   57.26898
-4.615052784  383.63951   1.36559   -0.39846    0.05845   5.95886    0.91635   17.10796   7.60854    1.66245   49.10488   8.87223    1.74580   62.60302   7.48561    2.05346   60.88910
-4.587841388  382.01939   1.25093   -0.37411    0.05875   5.45255    0.89139   16.33109   7.20591    1.58480   48.68049   8.39092    1.63177   64.29419   6.92193    1.99577   62.30431
-4.560629992  357.08422   1.34712   -0.40155    0.05965   5.63513    0.90856   16.70423   6.95092    1.55822   47.26128   7.05432    1.39057   59.99350   5.12005    1.77826   53.26202
-4.533418596  356.71696   1.43745   -0.41821    0.06663   5.84696    0.97201   18.72881   6.71638    1.55374   51.84058   6.00999    1.22395   57.94654   2.96915    1.56439   48.33376
-4.506207200  396.42113   1.47701   -0.39689    0.07518   5.96250    1.06834   21.78205   6.90309    1.64921   60.42295   6.15451    1.29260   63.43038   2.47601    1.60886   52.69437
-4.478995804  403.09063   1.53381   -0.36828    0.07680   6.32468    1.18513   22.60265   7.68833    1.80207   61.90915   6.42886    1.35602   63.24594   2.28868    1.63386   51.59775
-4.451784407  380.26325   1.53849   -0.34892    0.07528   6.20412    1.13367   22.52804   6.56915    1.63484   59.23231   4.82976    1.18962   60.99242   2.42571    1.47083   45.20913
-4.424573011  341.04205   1.38805   -0.26842    0.07438   5.79438    1.05542   20.77877   5.80590    1.50133   52.89827   3.77310    1.11708   55.10944   2.55312    1.32528   39.10829
-4.397361615  339.49788   1.38744   -0.22731    0.07757   5.92853    1.09692   21.03212   5.24456    1.44309   54.64300   3.20227    1.42643   50.61575   2.82373    1.29319   43.64022
-4.370150219  326.92352   1.48994   -0.20082    0.08194   6.44515    1.11296   22.04246   4.93626    1.42557   52.45922   2.79642    1.29167   47.99336   3.30358    1.26858   38.60313
-4.342938823  330.36379   1.56320   -0.14520    0.09623   6.79079    1.14763   24.19967   4.74381    1.40740   53.66788   2.54072    1.40043   46.05369   3.71587    1.29311   38.42231
-4.315727427  357.77463   1.61564   -0.07844    0.11601   7.07175    1.20878   30.00824   4.80940    1.41632   59.37236   2.36571    1.54137   45.38085   4.15455    1.34848   42.61566
-4.288516031  410.43909   1.62576   -0.01230    0.17919   7.45884    1.46929   37.03298   6.40000    1.51141   70.41039   2.53372    2.20008   48.12031   6.44234    1.43310   44.70435
-4.261304634  405.80035   1.64097    0.09353    0.15448   7.72003    1.56226   35.72277   6.14993    1.53097   70.37058   2.47605    2.16975   49.59160   4.90768    1.41546   41.11138
-4.234093238  428.00669   1.61949    0.18036    0.17168   8.11911    1.74638   38.26225   7.13946    1.60674   70.63196   2.30782    2.49779   53.20882   5.82013    1.55195   45.65087
-4.206881842  454.59733   1.58348    0.21913    0.18936   8.50159    2.01480   40.54347   8.06745    1.70668   72.88515   2.35729    2.86905   56.34585   7.06246    1.83676   51.13152
-4.179670446  428.57708   1.50258    0.18135    0.20638   8.02561    1.89967   41.81419   6.01671    1.36359   72.59031   2.00467    2.81549   46.76809   6.00937    1.66943   50.52101
-4.152459050  349.01916   1.44733    0.21852    0.16461   6.50007    1.26628   38.70019   2.72653    1.25479   59.14723   1.69692    1.78230   36.72851   2.23899    1.44534   42.06829
-4.125247654  430.83162   1.69583   -0.05550    0.21567  11.67942    1.44316   50.91538   1.49768    1.81484   75.59592   2.17059    1.70531   35.33278   0.93246    1.36251   60.51449
-4.098036258  362.95865   1.57890    0.02253    0.17496   8.42274    1.34025   39.55140   1.22595    1.43609   66.85023   1.77763    1.44501   30.68784   0.80184    1.09381   52.03593
-4.070824862  304.17444   1.44687    0.20696    0.15055   6.18484    1.11849   32.64819   1.11621    1.19434   55.62649   1.58884    1.30670   28.32722   0.69000    1.11801   40.53501
-4.043613465  331.70729   1.49683    0.33902    0.19094   6.07370    1.17573   39.41484   1.14423    1.40299   58.06705   1.60176    1.41143   31.67111   0.65431    1.29395   41.77979
-4.016402069  306.96180   1.34672    0.33712    0.17920   5.27653    1.10473   36.91335   1.07780    1.37259   53.38361   1.55029    1.37901   29.33724   0.62303    1.23607   38.58631
-3.989190673  281.86041   1.08571    0.29113    0.15809   4.25494    1.00409   34.89028   1.06418    1.39921   47.89022   1.42830    1.34514   28.04023   0.63746    1.20729   34.31260
-3.961979277  290.25324   1.02422    0.32103    0.16303   4.08057    1.04205   37.12420   1.10670    1.48036   48.83219   1.35177    1.42691   28.59053   0.70030    1.17987   35.28595
-3.934767881  329.86923   0.88888    0.28275    0.20810   3.66296    1.09633   43.45660   1.07060    1.55059   55.22847   1.24120    1.77600   29.57467   0.70974    1.19205   47.89314
-3.907556485  338.05981   0.77678    0.32867    0.24676   3.32084    1.05460   48.10515   1.09658    1.60702   53.47507   1.10717    1.76492   30.90018   0.78669    1.17500   48.53067
-3.880345089  332.23416   0.70419    0.27696    0.21244   3.14068    1.04101   45.78542   1.18600    1.58721   49.09216   1.09539    1.74510   36.42788   0.89108    1.23685   45.51734
-3.853133692  328.95941   0.66974    0.26658    0.22099   3.08869    1.07980   43.42183   1.29417    1.73943   48.59172   1.20431    1.91401   35.43234   1.03237    1.39654   48.68326
-3.825922296  303.53577   0.65672    0.26168    0.23220   2.97298    1.04354   42.73621   0.94574    1.85253   45.95810   1.32933    1.87771   30.48594   1.18415    1.45941   40.18686
-3.798710900  311.42904   0.63532    0.22630    0.25736   3.16567    1.18095   45.13114   1.21582    2.25553   47.22678   1.56154    1.87345   30.78354   1.15221    1.64862   37.60140
-3.771499504  342.05582   0.61716    0.21073    0.28825   2.96492    1.18048   48.75570   1.22914    2.81395   52.07251   1.64650    2.18520   36.14624   1.14921    1.96098   38.72409
-3.744288108  325.82140   0.53257    0.21103    0.29634   2.25440    0.92552   47.97703   1.09982    2.68581   45.88332   1.40098    2.24142   36.08970   1.15494    2.29806   39.17253
-3.717076712  317.52884   0.52776    0.24944    0.31754   2.14356    0.89038   49.02472   1.17273    2.61838   42.54440   1.51485    2.18767   34.93255   1.39318    2.44697   37.44074
-3.689865316  325.63350   0.51470    0.20581    0.35250   3.57516    0.94703   52.31156   1.25513    2.99283   40.52120   2.99637    2.12213   34.96324   1.58713    2.84995   35.68110
-3.662653920  310.33987   0.55297    0.33058    0.39651   2.46883    0.82737   49.77281   0.99613    2.77594   41.01023   2.24162    2.00946   32.45622   1.28974    2.70293   34.66984
-3.635442523  301.75577   0.57112    0.36985    0.41835   1.68017    0.75205   48.47275   0.72278    2.55252   40.66267   1.72302    1.84420   32.44302   0.91994    2.61460   33.79621
-3.608231127  285.82923   0.63331    0.42941    0.32042   1.39891    0.79631   42.10301   0.53697    2.46255   42.19978   1.50604    1.85475   30.34248   0.70651    2.52310   33.43175
-3.581019731  286.07490   0.69429    0.48072    0.31601   1.51069    0.80566   41.62620   0.47957    2.45945   42.07604   1.63727    1.69455   30.90558   0.60548    2.65603   33.44136
-3.553808335  306.66668   0.59709    0.42101    0.31679   1.38670    0.80939   43.40737   0.64578    2.64760   45.12866   1.70698    1.54402   33.51150   0.78387    2.92565   38.71139
-3.526596939  313.66701   0.61471    0.40136    0.32436   1.42921    0.86326   45.05952   0.93538    2.77067   44.88365   1.59238    1.58701   34.09166   1.11164    2.91185   40.53717
-3.499385543  275.30993   0.56454    0.38379    0.31493   1.34099    0.69495   39.52221   0.87281    2.36662   36.57912   1.37293    1.44748   33.01251   0.65588    2.40554   35.30275
-3.472174147  265.41948   0.54967    0.37448    0.31844   1.32568    0.64313   37.47564   0.87342    2.15084   33.76928   1.25027    1.41780   33.88787   0.45642    2.21511   34.67492
-3.444962751  319.46795   0.60821    0.40137    0.37200   1.26374    0.71920   50.12307   0.86660    2.46825   34.80845   1.23339    1.54935   42.09679   0.33662    2.77176   43.33874
-3.417751354  335.94753   0.57408    0.42302    0.45836   1.03870    0.78348   56.69057   0.74344    2.54613   33.59462   1.01670    1.53258   46.15809   0.43103    2.83445   41.56251
-3.390539958  358.04946   0.63977    0.45371    0.52181   1.21748    0.86418   61.19708   0.78408    2.57553   34.83048   0.97233    1.53465   49.55377   0.67280    2.74347   44.34343
-3.363328562  345.76496   0.76201    0.49352    0.33538   1.45227    1.01679   56.70718   0.79237    2.45245   36.76846   1.09075    1.59089   43.48568   0.87056    2.51288   48.48599
-3.336117166  329.77059   0.86438    0.55963    0.33210   1.67992    1.06799   52.62224   0.80076    2.67748   35.27385   1.33996    1.55800   43.57049   0.88948    2.52783   41.65968
-3.308905770  339.42232   0.99612    0.60932    0.32703   2.01870    1.20920   53.60167   0.86449    3.06104   35.57446   1.62075    1.59784   46.86697   0.99023    2.69038   39.04655
-3.281694374  307.78225   1.04009    0.48848    0.27589   2.13891    1.13789   44.76385   0.72418    2.70935   34.80975   1.65396    1.50090   42.68146   0.95413    2.22415   36.75455
-3.254482978  320.92213   0.94538    0.49277    0.30193   1.90729    1.02515   43.84379   0.71732    2.81503   35.96336   1.69262    1.45500   45.35171   0.91353    2.65447   44.33144
-3.227271581  280.23713   0.82048    0.32950    0.22333   1.62711    0.97875   39.93575   0.72593    2.41076   32.66664   1.19666    1.30965   40.25397   0.80817    1.70609   32.76581
-3.200060185  361.06824   0.91756    0.20405    0.35828   2.09195    1.00852   52.16602   0.96251    3.53596   38.92440   1.40667    1.45845   56.08968   0.78129    2.38867   39.65018
-3.172848789  350.35309   1.15785    0.20421    0.24411   2.40521    1.02168   45.03180   1.60456    3.09574   36.80185   2.45195    2.09843   56.28123   0.76814    2.16393   42.62378
-3.145637393  293.98077   0.84635    0.34585    0.22716   1.47598    0.86120   39.71238   0.97079    2.17077   36.01269   0.84611    1.44532   41.61870   0.86192    1.14840   38.90387
-3.118425997  274.87721   1.03110    0.48239    0.25892   1.39331    0.80399   39.32348   0.85241    2.21915   30.31632   0.93674    1.56772   38.39278   0.99763    1.21410   37.50889
-3.091214601  372.87336   1.03523    0.46515    0.28020   1.43578    1.11975   59.43984   1.09504    2.39297   44.74295   0.88127    1.51373   48.74756   1.06503    1.31747   44.19191
-3.064003205  367.02430   1.25642    0.44177    0.31633   1.78105    1.31761   56.31886   1.21165    2.83062   38.03448   0.95337    2.12394   50.52651   1.76985    2.57542   48.45380
-3.036791809  347.35241   1.99555    0.33949    0.38810   2.16434    1.10726   50.08834   1.39095    2.92663   34.47748   0.98746    2.79318   48.00121   2.84663    3.44197   47.74382
-3.009580412  292.87475   1.52458    0.32402    0.38508   1.61782    0.73467   42.14644   1.12331    2.57740   29.51831   0.85840    2.29306   41.88094   2.01703    2.62245   38.26722
-2.982369016  290.98243   1.54132    0.23463    0.39070   1.48637    0.59667   38.25139   1.10179    2.27329   31.43517   0.84052    2.21226   42.68751   2.06265    2.59948   40.21706
-2.955157620  248.56721   1.55758    0.13446    0.36986   1.28637    0.49811   34.19644   1.05035    2.03877   25.34165   0.78922    2.21723   33.99618   2.09220    2.12295   37.39966
-2.927946224  262.63984   1.89401    0.16627    0.42536   1.22458    0.36995   36.79796   1.04357    2.11057   26.21836   0.91725    2.21282   36.87782   2.00091    2.10393   38.01797
-2.900734828  349.95689   2.58438    0.15087    0.54429   1.39488    0.32830   47.04921   1.04647    2.49375   38.71357   1.27400    2.39670   47.66489   1.86629    2.30274   54.50523
-2.873523432  331.74896   3.09331    0.01466    0.56641   1.26795    0.31910   48.82251   0.97409    2.51260   32.84393   1.17524    2.48227   49.85513   1.62385    2.05351   40.21724
-2.846312036  407.41855   4.45961   -0.20361    0.70609   1.68362    0.57904   65.06452   1.01495    2.93509   37.94114   1.29240    2.99145   61.93178   1.56655    2.55147   42.50837
-2.819100639  605.62441   8.63772   -0.81170    1.11513   3.10764    0.86008  109.53500   1.29213    3.69220   56.37217   2.02889    4.12797   81.61600   2.53904    2.93632   57.00255
-2.791889243  467.81771   6.79774   -0.50366    0.66478   2.31821    0.77131   76.21183   1.05459    2.27886   50.21104   1.51692    2.99520   60.87311   1.48753    2.76821   53.18210
-2.764677847  450.81568   5.85469   -0.01983    0.64277   1.52957    0.68800   66.71610   1.08216    2.44769   49.66442   1.81670    3.22097   60.56409   1.60549    3.29942   57.49610
-2.737466451  397.45128   5.49662    0.28784    0.64806   1.14774    0.63608   56.41679   1.20846    2.48585   40.95804   1.84266    3.33130   53.94705   2.01416    3.16378   55.46038
-2.710255055  513.98517   5.66279    0.29484    1.09922   1.07724    1.25822   65.77858   2.66804    3.22149   53.79324   2.01054    6.41227   70.47361   4.94429    3.20518   78.33554
-2.683043659  504.05177  10.41111   -1.54843    0.91342   1.88442    1.15771   69.23195   1.99147    3.28191   49.53993   2.29923    4.78778   70.05915   3.66439    3.71530   68.65280
-2.655832263  591.11813   9.59672   -1.72749    0.91849   1.82751    1.17107   79.77332   1.76375    3.74641   61.59407   2.66000    4.74107   83.72827   3.37838    3.81095   84.34243
-2.628620867  638.66573  11.83973   -3.35285    0.83041   2.18417    1.27432   84.24582   1.39069    3.82382   69.65267   3.33420    4.05064   93.97776   2.73614    3.67587   85.75097
-2.601409470  473.33530   4.53526    0.00223    0.57425   1.11901    0.89116   61.79336   1.10194    3.39398   55.91479   2.14080    3.38722   66.30347   2.00756    2.84933   66.16347
-2.574198074  593.08315  18.98180   -4.35338    0.53013   3.12589    1.77896   63.40132   1.99222    3.51287   64.00208   2.12151    3.74951   88.97389   2.19280    2.64011   92.61662
-2.546986678  428.30986  15.87165   -3.64250    0.45016   2.07334    1.65576   54.75251   1.89060    2.60854   49.29130   1.60829    3.56916   57.13437   1.41771    2.12512   50.24066
-2.519775282  395.13054   5.35011   -0.97636    0.42848   0.92639    0.95643   48.63972   1.67466    2.83962   45.39189   1.89981    3.46336   58.50764   0.94188    2.34836   53.63680
-2.492563886  615.76231   7.33672    0.24669    0.92803   1.32738    1.35595   91.20095   2.71439    4.35492   72.84302   3.20249    4.95072   73.50468   1.23887    3.39189   83.19970
-2.465352490  671.83559   5.88283    0.73397    1.04367   2.29559    1.17055   91.58698   3.03788    6.50855   92.76607   3.36748    6.10405   71.94949   1.84570    3.89081   93.20485
-2.438141094  488.47301   4.11759    0.10989    0.68912   1.01291    0.96768   61.71026   1.97096    4.53167   59.35549   1.62267    4.36347   61.41402   1.07111    2.11883   81.55158
-2.410929698  359.55368   5.06095   -1.21107    0.47821   1.13728    0.74449   47.16984   1.39945    3.45502   37.91875   1.32542    2.97936   49.60444   0.96991    1.76299   56.69650
-2.383718301  476.09239   8.34304   -2.78546    0.49587   1.19272    1.33288   57.99655   1.91843    3.59154   57.59764   1.44913    4.75498   65.24750   2.37962    3.20600   68.23713
-2.356506905  655.64459   5.23346   -0.46547    0.53567   0.81728    1.27085   74.72558   1.84540    3.94722   94.86132   1.34185    4.96980   94.10391   2.60270    4.52255   82.14561
-2.329295509  551.23217   6.90291   -0.41330    0.91001   0.72090    1.13189   76.02063   2.23927    4.28940   72.18091   1.47597    5.08895   69.63606   1.63466    5.09519   64.13512
-2.302084113  450.58913   5.08068   -0.22453    0.93037   0.47699    0.78685   67.31228   1.82857    3.77022   57.32885   1.17635    3.93220   55.98632   1.08383    4.87571   47.85926
-2.274872717  371.78691   4.03142   -0.11613    0.70327   0.64234    0.72300   60.22794   1.26788    2.64186   38.49981   0.98676    3.01496   46.02185   1.28004    4.21758   48.99936
-2.247661321  419.53186   7.77968   -0.49267    0.93970   2.25899    2.25250   80.92704   1.35298    3.97562   38.29350   1.76268    3.48790   43.63795   2.37869    5.16218   39.63924
-2.220449925  453.49573  10.08931   -0.49666    1.14100   3.22407    3.08432   88.71970   1.44996    4.52603   43.68799   2.12364    4.08931   43.55187   2.83172    4.67977   35.60318
-2.193238528  419.46110   8.21011   -0.29811    1.02403   2.67723    2.57758   84.08352   1.34839    4.11834   40.96357   2.04726    3.50518   43.07831   1.80288    3.81363   27.17379
-2.166027132  330.67802   6.06224   -0.21614    0.75795   0.85672    1.90516   67.65888   1.10775    1.52681   33.88039   1.40134    2.66384   34.51331   0.96770    3.13028   22.34354
-2.138815736  279.43201   5.10500   -0.31404    0.62493   0.49143    1.34792   54.28419   0.96000    1.52632   29.13026   1.19639    2.22644   31.38347   0.56324    2.48129   20.46289
-2.111604340  297.26725   5.54939   -0.38037    0.61775   0.88188    1.62005   53.53224   0.97041    2.18557   30.53343   1.65520    2.48042   36.36305   0.61359    2.41407   22.22159
-2.084392944  332.88790   5.98877   -0.34347    0.65533   1.21452    1.85332   59.64365   0.97919    2.78346   33.99249   1.78359    2.50981   41.18405   0.71144    2.38384   25.30323
-2.057181548  415.89832   6.37549   -0.32367    0.76179   1.60112    2.14774   72.91195   1.12153    4.38672   43.62020   1.88632    2.41700   52.67721   0.82448    2.57539   33.33164
-2.029970152  434.12320   7.35604   -0.37511    0.77998   1.28793    2.39242   73.69273   1.16507    3.38578   50.40562   1.46571    2.52911   48.00627   0.96057    2.91925   46.06026
-2.002758756  435.08848   9.38627   -0.34839    0.81036   1.13099    2.68542   76.28872   1.13744    2.86730   50.07602   1.37093    2.69548   46.48920   1.14507    3.19847   41.56549
-1.975547359  491.40145  17.44492   -3.22827    0.75956   1.28273    3.13408   75.64470   1.03474    2.78530   60.33291   1.64149    2.74464   48.44944   1.37991    3.98638   61.98268
-1.948335963  461.51299   8.80304   -0.62035    0.79726   1.52976    1.87385   74.93850   0.55098    2.52355   55.84840   1.41388    2.97858   47.79210   1.74299    5.85225   57.05865
-1.921124567  354.34117   5.88142    0.01516    0.68999   1.02316    1.54913   59.63686   0.47291    2.15601   41.09758   0.99597    2.34883   37.28212   1.73190    3.51822   42.79281
-1.893913171  332.23547   4.47492    0.49599    0.70797   0.60071    1.50918   56.91940   0.54424    2.26111   38.62247   0.69993    2.19716   31.99416   1.63235    2.11943   46.42918
-1.866701775  303.17636   2.72930    0.92013    0.71878   0.50767    1.24575   52.82332   0.62102    2.13578   34.65997   0.61819    2.19764   29.15068   1.62609    2.13129   42.76252
-1.839490379  326.41586   2.03302    1.04602    0.76802   0.53495    1.18383   58.11860   0.81551    2.08540   38.05932   0.72476    2.38366   29.88898   1.78916    2.48277   46.85980
-1.812278983  330.41806   1.68533    1.27114    0.82693   0.59026    1.30563   60.57908   0.60858    2.21059   39.75493   0.88390    2.50664   28.96482   0.87255    2.86500   44.30484
-1.785067586  358.25891   2.30917    1.25340    0.88125   0.43142    1.65165   62.40820   0.86814    2.20175   45.82867   0.77893    2.85841   31.05305   0.74446    2.96441   49.50193
-1.757856190  392.40849   3.48741    1.02188    1.20976   0.39969    2.69645   66.91626   1.61059    2.41172   49.19431   0.72513    4.27946   34.91049   0.82095    3.64550   50.21575
-1.730644794  363.47043   4.18237    0.56166    1.04596   0.54375    2.10196   63.83113   1.02168    2.53875   41.64599   0.71395    3.57287   36.13519   0.84991    3.13127   43.69875
-1.703433398  375.94632   5.13090    0.26901    1.11909   0.62781    2.15582   65.18084   0.86465    2.71114   42.26409   0.74542    3.58375   39.07201   0.91039    2.81107   44.77581
-1.676222002  376.48082   6.35273   -0.34185    1.08324   0.78226    2.18170   63.46266   0.73235    2.71151   42.66095   0.82536    3.48640   40.79413   1.00079    2.57377   43.44338
-1.649010606  360.51182   6.13448   -0.10399    1.04875   0.97286    2.08914   63.19760   0.55531    2.61639   41.07535   1.07700    3.02013   39.60431   1.01899    2.47384   34.44428
-1.621799210  398.24303   9.20530   -1.11216    1.21319   0.99928    2.69356   71.94864   0.49573    2.77131   45.28634   1.25627    3.07083   43.01372   0.86479    3.10945   32.58477
-1.594587814  488.50947  10.37896   -1.28650    1.27869   0.81828    3.00032   87.39264   0.78644    2.66596   54.40426   1.24834    3.67978   51.78973   0.80802    3.38691   52.00076
-1.567376417  424.82327   6.96233    0.34051    1.31487   0.75161    2.91957   71.17759   1.08078    2.50978   47.98647   0.95017    3.44334   43.88185   0.70589    2.63513   54.84450
-1.540165021  406.85995   5.96561    0.62736    1.34223   0.76971    2.91405   70.76344   1.23007    2.26851   42.81802   0.83591    3.26190   42.81979   0.58980    2.51044   52.52652
-1.512953625  366.59775   5.61659    0.90801    1.19461   0.93688    2.59190   62.00879   1.07071    2.21597   38.92215   1.27704    2.77351   40.76774   0.55760    2.58048   42.89183
-1.485742229  345.07635   5.69357    1.02476    1.16427   0.93960    2.45367   56.83050   0.86096    2.03951   38.27970   0.91208    2.51726   38.15746   0.72196    2.53802   40.06970
-1.458530833  403.01264   8.85342    0.73664    1.33845   1.17562    2.76768   65.65839   0.94907    2.51554   47.83329   1.23926    2.59852   41.94264   0.87547    3.21555   43.70456
-1.431319437  438.94205   7.79942    0.14118    1.22996   1.29319    2.74671   66.83044   0.65775    2.44913   51.76290   0.95667    2.79979   55.24021   0.92689    3.42578   46.77467
-1.404108041  466.25604   9.56224    1.72958    1.38281   1.51610    2.83334   68.12210   0.63966    2.88825   50.85064   1.17562    2.99664   59.58255   1.15601    3.83257   54.70839
-1.376896644  492.47266   6.67128    1.70277    1.42902   1.41828    2.25555   76.33720   0.58975    2.22271   50.44769   1.05792    2.95712   68.65965   1.02945    4.94356   55.00179
-1.349685248  384.00060   4.79834    0.69084    1.15317   0.66230    2.04709   57.63633   0.51155    1.31416   44.93194   0.76723    1.74592   50.46026   0.80406    1.85655   47.90174
-1.322473852  366.11445   3.68152    1.01264    1.19939   0.59121    2.13960   57.65883   0.44596    1.24406   42.45021   0.64635    1.80484   45.68298   0.78337    1.94406   46.27184
-1.295262456  393.64168   4.38365    1.51972    1.31329   0.63748    2.22816   61.62595   0.45569    1.32061   45.91130   0.69705    1.73810   49.13765   0.75599    1.71341   49.23500
-1.268051060  369.13808   4.49252    1.93728    1.29018   0.48471    2.60704   57.82563   0.43827    1.30729   47.71050   0.66613    1.94356   41.36403   0.68429    2.04710   42.27243
-1.240839664  334.12038   4.77424    1.35940    1.07842   0.45005    2.88506   51.99153   0.40821    1.23991   45.13590   0.69115    1.85816   34.83885   0.67659    2.00912   38.01292
-1.213628268  375.86664   5.87829    0.95896    1.17672   0.56741    3.44172   58.06681   0.36648    1.35680   51.63679   0.89264    2.07770   39.81981   0.59765    2.48543   40.30328
-1.186416872  389.92180   5.52792    0.74010    1.11387   0.81103    3.41628   65.64968   0.41536    1.58945   46.32228   1.25566    1.82733   44.86249   0.54957    1.87306   40.43624
-1.159205475  461.05586   5.61448    0.54298    1.23649   0.75548    3.90332   74.77362   0.55665    1.69861   52.20850   1.05963    1.99500   58.72130   0.62315    1.82861   52.47196
-1.131994079  477.01394   6.99428    0.22202    1.37867   0.82623    4.52959   74.62255   0.51534    1.86169   58.41207   1.03249    2.27164   60.34670   0.52557    2.05105   48.41080
-1.104782683  430.86304   5.04080    0.87334    1.52846   0.56750    5.14214   71.47144   0.74792    1.76398   52.10791   0.88982    2.44067   51.61944   0.51116    2.02682   39.93819
-1.077571287  432.90407   7.23572    1.24125    1.65637   0.67393    5.52180   64.87613   0.89474    1.89198   57.51263   0.81108    2.37278   47.92893   0.58022    2.00895   45.08025
-1.050359891  486.59655   6.33321    3.07165    2.11743   0.69981    6.85139   72.68482   0.98223    2.08141   70.26942   0.75148    2.64101   47.63108   0.66739    2.87864   50.82065
-1.023148495  419.74627   6.41252    4.89420    1.70239   0.59572    5.13208   56.71801   0.96265    2.27216   59.98374   0.79301    2.41355   42.36338   0.81767    2.61354   47.82823
-.995937099  610.74706   8.92445    7.31794    1.96792   1.25714    5.68381   64.99574   1.26323    3.69814   75.32067   0.91392    3.84235   85.92992   0.72556    3.68342   84.10764
-.968725703  406.37454   4.78519    4.64175    1.80111   0.97274    5.79036   48.25887   1.30685    3.12933   58.34105   0.93755    2.45556   47.40400   1.08025    2.00457   43.64101
-.941514306  295.65394   3.11959    3.34800    1.10178   0.88572    2.86534   41.22473   0.68609    1.64638   41.63295   0.57890    1.73764   34.29636   0.69635    1.60847   27.10212
-.914302910  263.84573   2.69733    2.79829    1.01105   0.87190    2.56088   39.25620   0.60923    1.51130   35.64685   0.48839    1.61525   29.53548   0.71655    1.47011   24.45480
-.887091514  301.67295   3.80143    0.94342    0.94433   0.85130    2.65115   50.61081   0.62318    1.68925   39.64443   0.63717    1.80443   32.55470   0.78781    1.55335   25.82057
-.859880118  461.31534   4.67074    1.11191    1.02582   0.97674    2.94280   76.96674   0.68658    2.45176   57.48568   0.83122    2.64602   55.60937   0.92058    1.82673   43.75729
-.832668722  408.51260   3.56456    1.59753    0.99936   1.09793    2.48811   72.65087   0.62871    2.09304   51.61048   0.69547    2.41306   40.87314   1.06766    1.47861   44.54183
-.805457326  348.30320   2.90626    1.44462    0.90126   0.76809    2.27443   60.97788   0.45385    1.45489   45.10560   0.52740    1.73957   35.66305   0.54209    1.36049   37.96678
-.778245930  349.94071   2.85282    1.88498    0.90851   0.72477    2.16919   60.25082   0.45404    1.40941   45.12618   0.49368    1.68410   35.53582   0.55777    1.31550   41.07880
-.751034533  317.10609   2.99973    2.23501    0.90069   0.73959    2.08751   51.49992   0.48622    1.29783   41.67704   0.47757    1.54471   33.49331   0.65223    1.40686   36.16871
-.723823137  397.44289   5.36720    3.88391    1.12366   0.87487    2.35822   64.48497   0.58880    1.51573   48.01547   0.51017    2.01404   39.54689   0.85582    1.79743   54.22175
-.696611741  403.74736   4.38494    3.49185    1.10756   0.88409    2.27326   64.56069   0.68443    1.63680   49.08182   0.54471    2.09497   45.57339   1.10297    1.73128   48.27611
-.669400345  426.00695   3.44353    9.50625    1.34900   0.86312    2.45246   65.55151   0.77945    1.93522   50.34130   0.72132    2.53959   45.35939   1.33104    2.11487   52.87673
-.642188949  384.06436   3.99577   10.78062    1.37419   1.00913    2.28283   50.37575   0.71770    1.71514   48.35584   0.72593    2.10026   42.61430   1.20927    1.53375   49.22645
-.614977553  318.15986   4.68031    8.32370    1.18761   0.99491    2.24424   40.07574   0.48834    1.23583   41.99283   0.43453    1.41138   35.50984   0.75089    1.25342   38.99701
-.587766157  435.24573   6.38496   12.00665    1.57312   0.80521    2.58218   55.99384   0.50763    1.31332   57.19077   0.31904    1.43200   43.12532   0.58741    1.34340   66.84683
-.560554761  384.25355   4.12449    6.55618    1.26627   0.82249    2.60263   49.90733   0.51697    1.35718   51.99077   0.27961    1.28661   44.52570   0.59204    1.24963   51.93941
-.533343364  378.78054   3.56291    4.76247    1.24900   0.77634    2.84586   48.31878   0.56429    1.41694   54.41761   0.30681    1.18071   46.34929   0.53295    1.28177   45.46378
-.506131968  287.86804   3.01257    3.76628    0.84861   0.64274    2.00094   34.38789   0.50884    1.17764   38.76377   0.23346    1.10754   36.70055   0.42367    1.16610   39.97661
-.478920572  300.22819   2.76448    4.78918    0.87154   0.61725    2.14578   34.81845   0.62609    1.19064   40.21636   0.22682    1.22369   39.40626   0.45961    1.26523   40.71030
-.451709176  291.63495   2.59914    3.18103    0.81337   0.54421    1.98545   33.05216   0.41046    1.18626   40.76229   0.22224    1.16503   39.91775   0.27587    1.26745   38.41283
-.424497780  296.39065   2.36264    3.99380    0.85750   0.52009    2.03682   31.82814   0.36041    1.18146   42.77799   0.22775    1.22976   40.67977   0.23291    1.26969   38.77580
-.397286384  377.77197   1.98966    6.92053    1.25369   0.36760    3.38722   37.43382   0.36661    1.94966   53.30535   0.29191    2.01917   51.35629   0.22385    1.78825   54.47687
-.370074988  364.05204   1.31371    9.44288    1.11030   0.38736    2.29201   37.61684   0.31157    1.26918   53.23237   0.30650    1.22490   48.02218   0.23665    1.46702   49.28878
-.342863591  460.19884   1.17719   19.75537    1.65287   0.32588    2.35104   53.06210   0.29433    1.13135   66.37824   0.46932    1.24905   53.97913   0.28115    1.82263   54.44335
-.315652195  415.47559   1.06594   13.18041    1.23730   0.39691    2.08607   43.43349   0.29099    1.14988   62.53932   0.32618    1.04940   54.95196   0.34674    1.40236   50.31080
-.288440799  497.82996   1.99984   15.03840    1.52025   0.44371    2.28193   54.35269   0.30192    1.49610   79.30312   0.42262    1.22673   62.17761   0.46322    1.81430   54.42261
-.261229403  431.56642   1.44080   10.63680    1.23046   0.45080    2.14184   44.56286   0.26582    1.24643   67.08956   0.27480    0.99509   58.88226   0.37872    1.36017   51.39251
-.234018007  451.84494   1.09092   11.12027    1.23541   0.42061    2.03310   43.65562   0.32119    1.07062   69.66956   0.26446    0.98241   66.28414   0.32383    1.30476   53.91974
-.206806611  438.96810   0.84732   11.17985    1.01328   0.41851    1.71725   41.41584   0.38689    0.94617   68.16358   0.29712    0.95017   63.32068   0.36206    1.33045   55.96227
-.179595215  608.24324   1.47502   11.11066    1.32066   0.52884    2.61793   54.75530   0.60019    1.69970   87.07054   0.45875    1.29994   96.38207   0.58376    2.07698   86.94331
-.152383819  482.22945   0.60439   11.48235    1.05024   0.46850    1.72129   42.88877   0.55944    1.24238   68.34639   0.39771    0.98484   74.67403   0.41239    1.51539   71.46101
-.125172422  403.03054  -0.19726   10.76837    0.94501   0.41051    1.18487   30.77122   0.30317    0.80348   57.04597   0.33792    0.73301   65.89358   0.26301    0.85485   63.91297
-.097961026  457.18290  -0.35605   11.94996    1.05266   0.48418    1.29944   30.39716   0.52359    1.08688   64.64193   0.49788    0.94501   72.31991   0.24241    0.79209   86.46328
-.070749630  631.80749  -1.57552   16.72142    1.28751   0.37639    1.79382   49.79584   1.31898    1.75553   85.02710   0.87088    1.98302  106.12173   0.50517    1.52437   98.82451
-.043538234  446.23273  -1.63891   15.64816    1.20686   0.33201    1.45565   36.38531   0.99297    1.34792   59.83609   0.83491    1.53652   71.78519   0.38172    1.24010   65.16555
-.016326838  350.30873  -1.01118   10.06251    0.85422   0.38141    1.16940   28.69801   0.74743    0.98580   47.12136   0.55980    1.19848   58.03528   0.41914    1.07359   51.21097
.010884558  318.06496  -0.99325    9.81989    0.86930   0.37103    1.13815   25.92822   0.74415    0.99289   44.77959   0.57049    1.17101   50.55186   0.45637    1.06714   44.65479
.038095954  297.80986  -0.96669   11.80529    1.10456   0.36409    1.23276   23.23811   0.78779    1.00698   41.98111   0.59138    1.21488   44.90880   0.56172    1.10034   41.60967
.065307351  309.76697  -0.98186   15.67277    1.50562   0.36981    1.43985   23.08869   0.90567    1.05000   41.64411   0.61693    1.33742   45.50662   0.74843    1.16404   43.54322
.092518747  335.80091  -1.18059   18.97953    1.71990   0.40717    1.76977   24.18442   1.22519    1.23826   42.20696   0.66259    1.65609   49.49742   1.09209    1.34432   48.63104
.119730143  287.15222  -1.58188   18.20508    1.42261   0.46516    1.80225   21.53289   1.59114    1.30374   35.11998   0.72677    1.82964   40.20921   1.41365    1.38830   39.09708
.146941539  320.83102  -1.59624   15.13470    1.48478   0.43515    1.53881   23.71056   0.94626    1.22267   40.61736   0.78975    1.41438   48.59420   0.89106    1.27193   50.08329
.174152935  223.51130  -1.81871   15.61199    1.69901   0.44434    1.40046   19.33323   0.83799    1.21745   26.39763   0.87294    1.39688   29.05756   0.82847    1.34167   28.43960
.201364331  222.93360  -2.05730   16.87900    2.36033   0.44044    1.41227   14.35042   0.85386    1.29499   22.93357   0.95162    1.50088   32.82690   0.86831    1.47133   33.09998
.228575727  197.67701  -2.25475   18.05415    3.22527   0.43381    1.41566   13.13684   0.81983    1.36146   30.55227   0.97153    1.47807   19.71756   0.85794    1.47465   17.52101
.255787123  150.47036  -2.44198   19.10378    3.98382   0.41275    1.42325   12.06257   0.80558    1.35076   13.10176   1.00026    1.50971   14.46119   0.85950    1.52410   14.53988
.282998520  144.23947  -2.68445   20.13249    4.63692   0.38609    1.41834   11.08048   0.79486    1.37732   11.97047   1.01517    1.53019   12.79807   0.85776    1.55274   12.91708
.310209916  135.89940  -3.18447   21.06436    5.15323   0.34303    1.34250   10.05515   0.78340    1.33332   10.69104   0.98638    1.49257   11.09046   0.85072    1.51685   11.22989
.337421312  122.09456  -3.11207   19.58825    5.37787   0.28265    1.28479    8.87848   0.77276    1.25168    9.23253   0.89851    1.42550    9.30117   0.82473    1.41704    9.48854
.364632708  117.52593  -3.12296   19.54858    5.94878   0.28385    1.26317    8.14065   0.79098    1.27024    8.48591   0.90807    1.48072    8.30020   0.88130    1.45255    8.59571
.391844104  179.68901  -3.08381   27.76776   21.37025   0.19383    1.43031   13.45721   1.25840    1.53935    8.81187   1.21209    1.72153    8.26183   0.88289    2.09388    8.83102
.419055500  248.62403  -4.20728   35.76710   38.05115   0.23163    0.91340   26.89672   0.82863    1.27277    8.78577   0.93196    1.53388    7.94462   0.86113    1.52921    8.33299
.446266896  156.00648  -4.54153   30.73914   20.66380   0.18508    0.76027    6.77585   0.77794    1.15856    7.36655   0.88904    1.50206    6.94042   0.82257    1.48986    7.25967
.473478292  132.56209  -4.82234   28.62376   14.16486   0.15485    0.73609    5.30799   0.75653    1.10722    6.89445   0.85027    1.47449    6.52664   0.78651    1.45125    6.77475
.500689689  121.04510  -4.77373   27.11991   11.26194   0.13981    0.87689    4.63437   0.78534    1.12709    6.61971   0.81027    1.43078    6.20887   0.74660    1.40392    6.41208
.527901085  114.49823  -4.69945   26.20919    9.73719   0.13191    1.01335    4.21665   0.82273    1.16497    6.40605   0.79028    1.41596    5.93020   0.72967    1.38483    6.10568
.555112481  112.62425  -4.80099   26.44107    9.36808   0.12520    1.03995    4.01779   0.84197    1.18508    6.21091   0.79086    1.44027    5.67300   0.73665    1.39902    5.82221
.582323877  112.08592  -4.94963   26.92766    9.31376   0.11877    1.05149    3.94519   0.85978    1.20325    6.03024   0.79164    1.46554    5.42964   0.74423    1.41379    5.55327
.609535273  111.93645  -5.11921   27.50326    9.36825   0.11218    1.05547    3.88240   0.87602    1.21998    5.85475   0.79239    1.49069    5.19465   0.75176    1.42860    5.29443
.636746669  111.50069  -5.28009   27.99173    9.41709   0.10676    1.05458    3.80811   0.88078    1.23134    5.67294   0.79284    1.50466    4.95397   0.74975    1.43856    5.04295
.663958065  112.05212  -5.59171   28.88693    9.51379   0.10230    1.06455    3.76013   0.88817    1.24393    5.53813   0.79522    1.51925    4.77501   0.74837    1.44990    4.86247
.691169462  112.54520  -5.84056   29.60963    9.60488   0.09541    1.07101    3.72051   0.89931    1.26017    5.42257   0.79672    1.53804    4.62977   0.75147    1.46303    4.71579
.718380858  112.72706  -6.01394   30.11698    9.67686   0.08775    1.07260    3.67868   0.90937    1.27709    5.30821   0.79733    1.55627    4.49187   0.75501    1.47574    4.57822
.745592254  112.90893  -6.17711   30.59105    9.74747   0.08005    1.07485    3.63793   0.91952    1.29466    5.19892   0.79792    1.57464    4.36433   0.75899    1.48855    4.45291
.772803650  113.08826  -6.32993   31.03121    9.81665   0.07235    1.07778    3.59815   0.92974    1.31287    5.09450   0.79844    1.59311    4.24700   0.76341    1.50144    4.33966
.800015046  141.27700  -5.92135   31.89743   10.98804  -0.22180    3.68119    5.21615   1.42403    2.66055    7.24363   0.84890    2.43821    4.72644   1.24276    3.14883    6.92253
.827226442  138.14410  -5.25812   30.75373   11.01992  -0.27815    4.33444    4.48719   1.04886    3.33274    6.33749   0.88564    3.44798    4.76447   0.79334    2.55680    5.04157
.854437838  127.47597  -4.12841   33.82283   11.22570   0.06514    1.12116    3.40938   1.00243    2.01843    5.12889   0.84141    1.79277    4.08590   0.98978    1.61311    4.10185
.881649234  116.51392  -6.34830   32.29863   10.12152   0.02400    1.44065    3.39803   1.03938    1.62203    4.92731   0.82371    1.73524    3.93132   0.89210    1.63174    3.96302
.908860631  118.01973  -6.63002   32.98224   10.37705   0.02369    1.48719    3.36549   1.08388    1.67021    4.89998   0.84790    1.76905    3.88999   0.92465    1.67284    3.88894
.936072027  118.79250  -6.70310   33.10913   10.60648   0.01857    1.55055    3.31363   1.13830    1.72779    4.86076   0.87472    1.81120    3.84280   0.95662    1.72099    3.81321
.963283423  120.01587  -6.83395   33.35925   10.92290   0.00825    1.63929    3.25806   1.20466    1.80241    4.81717   0.90759    1.86686    3.79742   0.98897    1.78354    3.74352
.990494819  118.52547  -6.47777   32.29601   10.50869   0.00575    1.78301    3.23074   1.27160    1.91468    4.76205   0.95626    1.96011    3.75381   1.03443    1.87691    3.68424
1.017706215  115.30630  -5.78271   30.51955    9.88239  -0.00436    1.87650    3.20076   1.30632    1.99219    4.67982   0.98130    2.01422    3.69288   1.05413    1.91712    3.61733
1.044917611  112.08101  -5.25319   29.09804    9.45133  -0.03019    1.90254    3.14103   1.31965    2.01465    4.57799   0.97195    2.00190    3.61644   1.03557    1.88066    3.54053
1.072129007  109.37233  -4.89987   28.16328    9.23425  -0.06298    1.86046    3.07446   1.31088    1.98471    4.48567   0.93362    1.93359    3.54612   0.98898    1.78505    3.46991
1.099340404  108.30365  -4.67379   27.77863    9.23060  -0.07948    1.79983    3.04905   1.29908    1.94794    4.45858   0.89774    1.86908    3.52544   0.95367    1.70572    3.43886
1.126551800  108.72199  -4.44160   27.42786    9.34248  -0.07398    1.85556    3.04610   1.33831    2.00447    4.45937   0.91111    1.89570    3.53267   0.96620    1.72402    3.43566
1.153763196  109.54801  -4.17147   27.06617    9.46761  -0.06991    1.92606    3.06332   1.39194    2.08428    4.47838   0.92885    1.94376    3.56417   0.99013    1.75823    3.45334
1.180974592  125.45240  -1.27974   27.06160   12.06056  -0.04216    2.70087    2.91389   1.69846    2.19385    4.71502   1.12373    2.20014    3.78056   1.01092    2.45791    3.72998
1.208185988  140.51038  -2.58630   26.09605   10.31701  -0.13649    2.85826    4.08884   2.60526    3.75149    8.23900   1.66598    4.11372    5.49760   1.03028    2.83739    3.62185
1.235397384  109.43845  -1.98242   23.92423    9.51546  -0.11098    1.86202    3.05348   1.46890    2.23914    4.64151   1.02531    2.17069    3.63905   1.05996    2.07328    3.41242
1.262608780  108.86294  -1.66107   23.33548    9.51222  -0.11428    1.84609    3.03816   1.46869    2.26372    4.58113   1.03581    2.18039    3.62685   1.08421    2.12114    3.43121
1.289820176  107.96690  -1.45472   22.76634    9.45412  -0.11812    1.83894    3.02631   1.46922    2.28168    4.51309   1.04618    2.18953    3.61028   1.10429    2.16782    3.44911
1.317031573  107.55052  -1.17728   22.27157    9.46108  -0.11900    1.82342    3.01342   1.46955    2.31173    4.45409   1.05708    2.20228    3.60024   1.12827    2.21591    3.46998
1.344242969  109.79516  -0.86414   21.97262    9.68719  -0.15620    2.02837    3.16533   1.54322    2.41719    4.68561   1.07549    2.23393    3.64389   1.15381    2.27544    3.50087
1.371454365  113.16725  -0.60131   22.04982   10.09030  -0.19404    2.23274    3.32876   1.60874    2.53370    4.91835   1.09462    2.27928    3.69518   1.18576    2.35201    3.55719
1.398665761  112.81698  -0.42276   21.96915   10.20819  -0.17169    2.07808    3.23462   1.56003    2.53646    4.71052   1.10500    2.30571    3.67491   1.21827    2.41740    3.60487
1.425877157  112.34501  -0.24450   21.85359   10.31929  -0.14979    1.93100    3.13780   1.51147    2.54046    4.49957   1.11002    2.32983    3.64769   1.24990    2.48142    3.64080
1.453088553  141.70267  -0.05779   22.16576   10.86689  -0.18501    2.09571    3.25293   2.15424    2.72208    6.54380   2.34557    3.64641    7.57742   2.83314    4.56934    8.04416
1.480299949  113.80297   0.11186   21.72524   10.60665  -0.10669    1.66965    3.00220   1.46488    2.58507    4.26317   1.20439    2.46710    3.84782   1.39666    2.73148    3.99217
1.507511346  113.35934   0.29195   21.63343   10.73409  -0.08243    1.53537    2.93805   1.41555    2.60782    4.06423   1.20048    2.48296    3.78171   1.40058    2.76982    3.98252
1.534722742  113.05086   0.48912   21.53875   10.86961  -0.05876    1.40417    2.88230   1.36994    2.63707    3.87608   1.19848    2.50129    3.72039   1.40422    2.81203    3.97774
1.561934138  114.79917   0.75511   21.68901   11.16363  -0.05773    1.25313    2.93511   1.35073    2.81322    3.76009   1.19775    2.59980    3.72930   1.43912    2.94051    4.04126
1.589145534  113.46165   0.96851   21.15250   11.08853  -0.02013    1.16675    2.90925   1.31603    2.87355    3.56367   1.18928    2.62310    3.67316   1.43900    2.98418    4.03011
1.616356930  103.82045   1.51655   16.31835    8.91541   0.01583    1.38564    2.82306   1.35738    2.98919    3.45235   1.34736    2.88204    4.06151   1.66738    3.40405    4.61970
1.643568326  110.72389   1.68483   16.24947    9.36874   0.04435    1.64763    2.98709   1.48427    3.19288    3.77708   1.56368    3.22598    4.56889   1.94362    3.86606    5.32440
1.670779722  139.39825   4.32356   16.80906   11.24445   0.06291    3.18980    3.96941   1.53512    6.67310    4.49765   1.41042    4.66246    4.53044   1.68524    6.16989    5.72636
1.697991118  114.32612   2.18359   17.00341   10.70718   0.11592    2.26061    3.33646   1.58694    3.73595    3.89934   1.26762    2.97032    3.63748   1.42925    3.38305    4.10422
1.725202515  104.39079   2.16055   16.81407   10.28497   0.20473    1.79685    3.11937   1.34846    3.33760    3.27157   1.00367    2.47560    2.90042   1.06995    2.73413    3.15097
1.752413911  102.44375   2.12544   16.95733   10.34130   0.28081    1.64734    3.07413   1.27929    3.15090    3.08044   0.96595    2.34258    2.72968   1.00698    2.54810    2.93825
1.779625307  160.06254   1.85436   33.74871   18.13614   1.61801    1.65061    5.21131   1.18127    3.81632    3.38007   0.98902    2.38927    2.74470   1.00056    2.55947    3.06292
1.806836703  111.92044   2.37419   18.00626   11.66139   0.27154    2.40763    3.50805   1.50676    3.19189    3.66279   1.03410    2.45818    2.77538   0.96741    2.41415    2.82252
1.834048099  134.48491   1.88074   22.31706   14.53779   0.40161    3.18271    4.41173   1.76941    3.86183    4.54694   1.16435    2.86805    3.06989   0.95931    2.53680    2.96457
1.861259495  109.27833   2.00402   18.75143   11.62254   0.43104    1.68920    3.23966   1.31370    3.07789    3.19228   1.05590    2.55127    2.71175   0.95323    2.32868    2.71507
1.888470891   89.75054   2.71013   12.99197    9.06699   0.16163    1.59659    2.67681   1.28441    2.67161    2.84480   1.01098    2.39192    2.56747   0.96054    2.22974    2.60965
1.915682287   88.79554   2.80730   12.28033    8.91042   0.13707    1.61319    2.65441   1.28729    2.75191    2.84532   1.03652    2.49961    2.60824   0.97289    2.31370    2.64573
1.942893684   87.95378   2.89302   11.63280    8.78041   0.11619    1.62971    2.63279   1.28972    2.82777    2.84371   1.05995    2.59825    2.64508   0.98371    2.39267    2.67861
1.970105080   83.51821   2.87494   10.73988    8.60156   0.10407    1.52996    2.51645   1.26129    2.65558    2.68455   1.00636    2.33399    2.50151   0.99298    2.34840    2.55651
1.997316476   80.58358   2.87220   10.17041    8.55383   0.10968    1.45128    2.44178   1.23664    2.52836    2.55803   0.96494    2.12785    2.38675   1.00027    2.32144    2.45835
2.024527872   79.75488   2.91604    9.84484    8.56302   0.11470    1.42126    2.41866   1.22071    2.53610    2.51144   0.95934    2.11963    2.36571   0.99416    2.34361    2.43422
2.051739268   78.58305   2.94547    9.54200    8.57820   0.11713    1.36858    2.37935   1.19330    2.52258    2.44773   0.93960    2.08270    2.32752   0.97226    2.33743    2.38507
2.078950664   94.93875   4.14095    9.20476   10.27556   0.12854    3.50707    2.69989   1.28017    3.79554    2.72061   1.31544    2.71069    2.49869   1.41873    2.41434    2.54987
2.106162060   83.57118   3.37871    9.17739    9.44850   0.14172    1.88409    2.45871   1.20994    2.92545    2.49197   1.04408    2.27651    2.36916   1.08782    2.44653    2.42439
2.133373457   83.77838   3.37098    9.01352    9.70200   0.15222    1.88314    2.44703   1.20573    2.95500    2.46977   1.04421    2.28902    2.36190   1.08612    2.48826    2.41499
2.160584853   84.00963   3.35162    8.87096    9.97581   0.16372    1.87608    2.43426   1.20160    2.98084    2.44712   1.04328    2.29890    2.35337   1.08202    2.52784    2.40465
2.187796249  113.12204   3.32037    9.86804   23.58761   0.17625    1.84176    2.43721   1.19699    3.00332    2.42363   1.04081    2.30588    2.34280   1.07555    2.56491    2.39226
2.215007645   93.35389   3.25905    9.02706   14.60668   0.19030    1.84428    2.41304   1.19312    3.02986    2.40201   1.03849    2.31396    2.33338   1.07013    2.60133    2.37996
2.242219041   93.99983   3.16689    9.03295   15.15347   0.20951    1.81613    2.38709   1.18980    3.04807    2.36722   1.02674    2.30070    2.30234   1.05201    2.60143    2.34455
2.269430437   93.54318   3.04269    9.08052   15.62978   0.24372    1.73595    2.30767   1.18575    3.02533    2.28075   0.98283    2.21338    2.19412   0.98730    2.48163    2.22930
2.296641833   94.71023   2.91262    9.24956   16.25637   0.26949    1.70665    2.29415   1.18113    3.04109    2.25448   0.97436    2.20684    2.17241   0.97334    2.49626    2.20232
2.323853229   96.08946   2.79194    9.45140   16.94682   0.29998    1.67446    2.27811   1.17664    3.05509    2.23016   0.96524    2.20032    2.15168   0.95924    2.51076    2.17574
2.351064626   97.78565   2.69206    9.69747   17.73304   0.33688    1.63796    2.25732   1.17091    3.06885    2.20832   0.95437    2.19462    2.13175   0.94534    2.52473    2.14846
2.378276022  132.60015   5.18882   12.12813   23.20440   0.58896    1.36901    2.71501   1.28570    5.12173    2.96832   1.03966    4.09377    3.15985   0.93959    3.65356    2.28024
2.405487418  124.28747   4.29349   11.87629   22.90999   0.60639    1.24098    2.60484   1.26361    4.37113    2.67744   0.99630    3.31711    2.75179   0.95485    3.26329    2.25061
2.432698814  127.29011   4.37137   12.32213   24.52291   0.73821    1.00492    2.62843   1.23215    4.26028    2.61875   0.98725    3.12376    2.62590   0.93077    3.22498    2.26225
2.459910210  116.39036   3.71099   11.52511   22.32181   0.69901    1.05390    2.47587   1.19205    3.78868    2.41369   0.94268    2.68519    2.37573   0.89997    2.94656    2.17439
2.487121606  100.45831   2.49272   10.23678   18.46837   0.51292    1.46334    2.22255   1.17528    3.30690    2.18362   0.89659    2.33560    2.15972   0.88613    2.64188    2.02152
2.514333002  100.04790   2.43869   10.18357   18.43339   0.54718    1.49849    2.19876   1.16460    3.31444    2.15913   0.89155    2.31910    2.12732   0.87335    2.62951    1.99262
2.541544399  101.24690   2.38188   10.53789   18.63328   0.60595    1.50646    2.20555   1.16132    3.35293    2.16253   0.90726    2.31132    2.11344   0.86091    2.63584    1.99054
2.568755795  101.29815   2.31863   10.59131   18.67927   0.65763    1.54552    2.18721   1.15103    3.36667    2.14425   0.90766    2.29778    2.08373   0.84882    2.62173    1.96624
2.595967191  101.27888   2.25305   10.63551   18.72336   0.71563    1.59007    2.16853   1.13924    3.36866    2.12261   0.90790    2.28053    2.05003   0.83755    2.59306    1.93802
2.623178587  101.26387   2.18705   10.67157   18.76400   0.77676    1.64101    2.15053   1.12659    3.37264    2.10156   0.90849    2.26469    2.01654   0.82681    2.56423    1.90997
2.650389983  142.61055   5.88705   16.66698   26.90306   0.62640    1.85590    2.35798   1.09557    3.63616    2.21266   0.98866    3.04005    2.32804   1.01579    3.63987    2.75785
2.677601379  119.61325   3.65811   12.96875   22.85204   0.90379    1.90217    2.17404   1.09884    3.51704    2.14822   0.93754    2.55372    2.09110   0.88101    2.93908    2.18246
2.704812775  121.00970   3.65448   12.80241   23.55140   1.05367    2.04424    2.12652   1.09060    3.55112    2.16052   0.93390    2.53602    2.05822   0.86487    2.89226    2.12639
2.732024171  122.54713   3.64608   12.61407   24.31574   1.21617    2.19930    2.07811   1.08442    3.59025    2.17737   0.93056    2.51694    2.02603   0.84896    2.84168    2.06644
2.759235568  114.14101   2.83645   12.20998   21.93353   1.21303    2.12094    2.11250   1.07182    3.52645    2.09210   0.93048    2.37528    1.94447   0.83228    2.64076    1.93389
2.786446964  107.94236   2.33954   11.87546   20.18993   1.21157    2.04586    2.14327   1.05335    3.45205    2.00386   0.92426    2.27152    1.87403   0.80923    2.51496    1.84878
2.813658360  107.79573   2.27632   11.84378   20.30277   1.30339    2.07465    2.13238   1.04407    3.42061    1.97100   0.91482    2.23405    1.83896   0.79230    2.47584    1.81399
2.840869756  139.65973   3.43568   14.81811   23.65996   1.56419    3.13796    2.94062   1.52083    5.00489    3.52158   1.20224    3.38739    2.71550   0.79058    3.21713    1.83414
2.868081152  128.59666   2.22796   15.09594   23.76564   2.04550    2.63067    2.39433   1.16678    4.01070    2.48271   1.14962    2.53361    2.10431   0.78507    2.67514    1.92092
2.895292548  120.25277   2.69665   12.50229   22.20566   1.85838    2.72195    2.41436   1.12672    3.94692    2.38476   1.04987    2.56537    2.04823   0.77808    2.61617    1.81622
2.922503944  119.38567   2.75689   12.08149   22.05230   1.90798    2.78837    2.45567   1.11052    3.95011    2.36605   1.03299    2.58189    2.02924   0.77215    2.60179    1.78474
2.949715341  119.70879   2.86125   11.76495   22.12915   2.01381    2.90120    2.50369   1.09730    3.97773    2.36630   1.03420    2.61037    2.02333   0.76728    2.60178    1.77318
2.976926737  121.80571   3.07221   11.40864   22.48775   2.11650    3.15195    2.60431   1.11155    4.08127    2.41377   1.05885    2.69726    2.06460   0.76565    2.68514    1.81759
3.004138133  122.83285   3.22394   11.04159   22.67953   2.22282    3.33381    2.67763   1.10256    4.15808    2.43274   1.06173    2.75622    2.07965   0.76480    2.70335    1.82410
3.031349529  138.16011   3.52733   10.84614   24.44216   2.40419    4.82559    2.79003   1.17731    5.65966    2.47529   1.17574    4.19885    2.13316   0.86352    4.11306    1.87264
3.058560925  159.78126   4.41125   11.34762   24.46608   2.91893    3.72967    3.27387   1.85903    5.35761    3.85942   2.75363    4.63903    4.95226   2.82899    4.59405    5.22141
3.085772321  133.26835   4.21162   10.08959   23.38440   2.76393    3.66706    2.98228   1.23757    4.42122    2.81725   1.47281    3.25691    2.82808   1.26423    3.05868    2.67995
3.112983717  126.49881   3.97005    9.04135   21.96917   2.58825    3.63997    2.95286   1.21519    4.28860    2.71873   1.43912    3.18247    2.77074   1.28019    3.02401    2.64158
3.140195113  138.04855   4.23102    8.29890   21.52932   2.65041    4.60343    3.20137   1.26416    5.84425    2.83447   1.42631    5.42522    2.98360   1.31056    5.28963    2.86341
3.167406510  124.93877   4.09101    8.01946   21.00614   2.52836    3.77044    3.06502   1.21846    4.51614    2.70409   1.42054    3.56131    2.83522   1.34259    3.40661    2.71723
3.194617906  123.53512   4.16459    7.64041   20.83250   2.48407    3.83398    3.01108   1.20182    4.42696    2.63259   1.41617    3.53176    2.80777   1.37616    3.44526    2.74631
3.221829302  123.57987   4.28885    7.31963   20.75094   2.49355    3.90965    3.02956   1.20357    4.44580    2.62257   1.41993    3.59575    2.83246   1.41165    3.54912    2.79459
3.249040698  123.64825   4.44471    6.95019   20.61892   2.50844    3.98326    3.05599   1.20907    4.48492    2.62231   1.42334    3.67658    2.86623   1.44792    3.66665    2.84578
3.276252094  123.74432   4.59748    6.58666   20.49988   2.51788    4.05445    3.07758   1.21591    4.52663    2.62295   1.42527    3.75956    2.90157   1.48531    3.78988    2.89748
3.303463490  123.74286   4.72858    6.27308   20.43739   2.51806    4.12195    3.09153   1.21854    4.56163    2.61599   1.41301    3.82093    2.91476   1.50703    3.88723    2.91771
3.330674886  120.10179   4.86295    5.97103   20.35671   2.46281    4.17785    3.06791   1.14510    4.47497    2.49863   1.22477    3.54808    2.60129   1.29990    3.52894    2.48875
3.357886282  117.64137   4.84933    5.64990   19.71796   2.46999    4.09784    3.08391   1.14910    4.43001    2.44560   1.21406    3.49129    2.57214   1.33666    3.48592    2.47650
3.385097679  111.13911   4.52609    5.49969   18.36346   2.45634    3.77309    3.01633   1.13648    4.14413    2.27996   1.18968    3.24667    2.44024   1.36407    3.23517    2.39556
3.412309075  108.66695   4.44026    5.28760   17.79927   2.35986    3.68877    2.98626   1.13104    4.11408    2.23528   1.16440    3.22659    2.41187   1.37087    3.23675    2.36882
3.439520471  106.52609   4.33594    5.14455   17.32212   2.27808    3.61269    2.95000   1.12057    4.08623    2.19597   1.14938    3.21144    2.38193   1.36882    3.23323    2.34624
3.466731867  103.86616   4.06221    5.16105   16.86211   2.18994    3.49266    2.87849   1.06720    4.03939    2.13715   1.14294    3.18641    2.31101   1.30452    3.19647    2.30405
3.493943263  102.16202   3.79541    5.28417   16.64168   2.11049    3.39022    2.81324   1.02889    4.00914    2.09131   1.13908    3.17041    2.25588   1.25960    3.17045    2.27215
3.521154659  113.63877   3.76123    5.43265   19.50768   2.05296    4.70078    2.98412   1.07121    4.72974    2.20679   1.15376    3.34987    2.41138   1.26461    3.19565    2.45414
3.548366055   99.30306   3.59412    5.30446   15.97373   2.03401    3.05791    2.75708   1.02902    3.94799    2.05461   1.14577    3.17486    2.21639   1.26942    3.21153    2.24222
3.575577452   98.78260   3.44775    5.34158   15.92976   1.95118    3.04680    2.70290   1.02777    3.97323    2.04451   1.14537    3.19067    2.20778   1.27575    3.24700    2.24126
3.602788848  142.56828   3.38123    5.26300   24.79266   1.88243    6.81196    3.28434   1.02227    7.58736    2.43088   1.24858    5.99618    2.53410   1.35347    6.26641    2.47845
3.630000244  133.20652   3.29168    5.99112   23.66877   1.80922    4.78621    3.78054   1.01873    5.44686    2.73422   1.51280    4.87982    2.75710   1.53601    5.84248    2.47386
3.657211640   92.59282   3.30455    5.49023   14.60133   1.76320    2.82298    2.34889   1.00601    3.70108    1.88598   1.05967    3.01681    2.07184   1.24813    3.01180    2.18775
3.684423036   92.29377   3.25339    5.57644   14.56635   1.70270    2.82243    2.29824   0.99884    3.67000    1.87244   1.05170    3.03256    2.05741   1.25041    3.05732    2.18105
3.711634432   92.38107   3.23423    5.64809   14.57128   1.65030    2.84195    2.26602   0.99245    3.67086    1.87519   1.05041    3.06379    2.05210   1.26083    3.10709    2.17978
3.738845828   92.21385   3.19691    5.72416   14.56887   1.59655    2.84486    2.22338   0.98534    3.64547    1.86505   1.04298    3.08147    2.03857   1.26095    3.15307    2.17263
3.766057224   91.96304   3.15198    5.80342   14.57079   1.54421    2.84148    2.17772   0.97811    3.60919    1.84986   1.03297    3.09254    2.02146   1.25612    3.19706    2.16239
3.793268621   93.42727   3.16722    5.99625   14.83821   1.57383    2.93576    2.16350   0.98623    3.63855    1.86606   1.03057    3.12168    2.03017   1.28418    3.27649    2.17053
3.820480017   95.98155   3.21991    6.22340   15.30808   1.63827    3.09327    2.19204   0.99549    3.71746    1.89801   1.03054    3.17528    2.05323   1.32789    3.37006    2.19362
3.847691413  141.13729   4.46499    7.12905   26.79811   3.80182    6.04036    4.23126   1.05862    4.51961    2.19978   1.04073    3.40554    2.22389   1.36618    3.56357    2.38004
3.874902809  187.56462   6.05416    8.32065   36.86654   6.32774    8.82245    6.51021   1.11387    5.39387    2.57576   1.04500    4.07693    2.47825   1.69217    3.99943    2.70217
3.902114205  168.99239   5.01979    8.41995   32.77904   4.20313    7.59279    4.99718   1.10761    5.49281    2.55284   1.05671    4.44526    2.47367   1.69573    4.31465    2.70047
3.929325601  167.14658   5.12702    9.37545   32.67144   3.99943    7.09973    4.70701   1.10780    5.07199    2.45373   1.06273    4.35638    2.34985   1.55465    4.27988    2.54694
3.956536997  145.99195   5.11876    9.45797   29.22472   3.76440    5.39385    3.88712   1.00060    3.83403    2.05062   1.06568    3.02247    2.01342   1.05256    3.19753    2.07458
3.983748394  148.43472   5.03375   10.61347   30.64221   3.45568    5.21132    3.61528   0.99200    3.71798    2.01565   1.06285    2.92575    1.94076   0.91265    3.09824    1.97040
4.010959790  133.10344   4.58764   11.46139   26.06686   2.68685    3.77875    3.06181   0.96158    3.38393    1.85636   1.01390    2.91930    1.83643   0.85160    3.14178    1.88044
4.038171186  135.97706   4.36787   13.04576   26.55143   2.62940    3.45566    3.04088   0.95949    3.30266    1.84884   0.99816    3.01574    1.80746   0.83703    3.24557    1.84775
4.065382582  140.79220   4.01994   14.86472   27.57105   2.61823    3.24973    3.04108   0.96525    3.26967    1.86869   0.98742    3.14242    1.79812   0.82674    3.34521    1.82761
4.092593978  146.17533   3.50329   16.87221   28.69942   2.59466    3.07157    3.03375   0.97837    3.27616    1.90742   0.98311    3.30247    1.81277   0.82381    3.45224    1.82887
4.119805374  149.60085   2.79058   18.79552   29.48874   2.54351    2.88889    2.99805   0.98197    3.21056    1.90504   0.97383    3.36113    1.79341   0.81386    3.51483    1.80968
4.147016770  145.63835   2.66724   18.50903   28.05118   2.56879    2.77232    2.99851   0.99053    3.15148    1.89797   0.96505    3.40296    1.77115   0.80267    3.55404    1.78926
4.174228166  142.01786   2.93332   17.58296   26.73657   2.62674    2.72909    3.01229   1.01939    3.12267    1.90734   0.97367    3.47264    1.77309   0.79563    3.64852    1.79421
4.201439563  154.33191   3.15716   17.45480   29.19831   2.69197    2.85617    3.55715   1.13295    3.32904    2.26474   1.09642    4.50793    1.96380   0.89283    5.10521    1.91298
4.228650959  132.59739   3.47614   15.90808   23.55160   2.74950    2.80877    2.81109   1.13341    3.18029    1.81893   0.99628    3.20841    1.77882   0.73733    3.14581    1.87161
4.255862355  132.58001   3.98333   14.73001   23.22239   2.78730    2.85579    2.97103   1.28464    3.39587    1.89990   1.00182    3.29331    1.86699   0.86644    3.18273    1.94607
4.283073751  131.66555   4.26917   13.72489   23.10793   2.81303    2.91196    3.05056   1.30520    3.51301    1.93038   1.01582    3.36831    1.86914   0.85426    3.08242    1.97009
4.310285147  129.84757   4.46525   12.61107   23.02727   2.82634    2.93959    3.09587   1.26376    3.58620    1.94132   1.03493    3.45783    1.83382   0.78231    2.92120    1.97757
4.337496543  130.84405   4.68547   11.48492   23.51121   2.91701    2.99067    3.25366   1.28517    3.79936    2.02403   1.11671    3.71478    1.85494   0.71003    2.77854    2.07961
4.364707939  114.36739   4.54624    7.61048   21.80422   2.16991    2.49302    2.81609   1.17984    3.72277    1.88468   0.93382    3.62720    1.73832   0.64699    2.73097    1.93626
4.391919335  100.17874   4.73654    4.59413   19.62918   1.63341    2.28439    2.39476   0.97702    3.36599    1.76720   0.82669    3.59555    1.62154   0.60270    2.93952    1.78373
