PD_k_pd_100_t_0_100_K_1_p  PD_k_pd_100_t_0_100_Pd_3_p   
0.00000000  0.00000000   
0.00000000  0.00000000   
0.00000000  0.00000000   
0.00000000  0.00000000   
0.00000000  0.00000000   
0.00000000  0.00000000   
0.00000000  0.00000000   
0.00000000  0.00000000   
0.00000000  0.00000000   
0.00000000  0.00000000   
0.00000000  0.00000000   
0.00000000  0.00000000   
0.00000000  0.00000000   
0.00000000  0.00000000   
0.00000000  0.00000000   
0.00000000  0.00000000   
0.00000000  0.00000000   
0.00000000  0.00000000   
0.00000000  0.00000000   
0.00000000  0.00000000   
0.00000000  0.00000000   
0.00000000  0.00000000   
0.00000000  0.00000000   
0.00000000  0.00000000   
0.00000000  0.00000000   
0.00000000  0.00000000   
0.00000000  0.00000000   
0.00000000  0.00000000   
0.00000000  0.00000000   
0.00000000  0.00000000   
0.00000000  0.00000000   
0.00000000  0.00000000   
0.00000000  0.00000000   
0.00000000  0.00000000   
0.00000000  0.00000000   
0.00000000  0.00000000   
0.00000000  0.00000000   
0.00000000  0.00000000   
0.00000000  0.00000000   
0.00000000  0.00000000   
0.00000000  0.00000000   
0.00000000  0.00000000   
0.00000000  0.00000000   
0.00000000  0.00000000   
0.00000000  0.00000000   
0.00000000  0.00000000   
0.00000000  0.00000000   
0.00000000  0.00000000   
0.00000000  0.00000000   
0.00000000  0.00000000   
0.00000000  0.00000000   
0.00000000  0.00000000   
0.00000000  0.00000000   
0.00000000  0.00000000   
0.00000000  0.00000000   
0.00000000  0.00000000   
0.00000000  0.00000000   
0.00000000  0.00000000   
0.00000000  0.00000000   
0.00000000  0.00000000   
0.00000000  0.00000000   
0.00000000  0.00000000   
0.00000000  0.00000000   
0.00000000  0.00000000   
0.00000000  0.00000000   
0.00000000  0.00000000   
0.00000000  0.00000000   
0.00000000  0.00000000   
0.00000000  0.00000000   
0.00000000  0.00000000   
0.00000000  0.00000000   
0.00000000  0.00000000   
0.00000000  0.00000000   
0.00000000  0.00000000   
0.00000000  0.00000000   
0.00000000  0.00000000   
0.00000000  0.00000000   
0.00000000  0.00000000   
0.00000000  0.00000000   
0.00000000  0.00000000   
0.00000000  0.00000000   
0.00000000  0.00000000   
0.00000000  0.00000000   
0.00000000  0.00000000   
0.00000000  0.00000000   
-0.06871000  0.02998000   
-0.02104000  0.00997000   
-0.02279000  0.01156000   
-0.02454000  0.01327000   
-0.02629000  0.01509000   
-0.02805000  0.01704000   
-0.02981000  0.01910000   
-0.03157000  0.02128000   
-0.03334000  0.02358000   
-0.03512000  0.02600000   
-0.03690000  0.02854000   
-0.03867000  0.03118000   
-0.03065000  0.02616000   
-0.03029000  0.02740000   
-0.02992000  0.02865000   
-0.02955000  0.02991000   
-0.02917000  0.03117000   
-0.02879000  0.03244000   
-0.02840000  0.03372000   
-0.02800000  0.03500000   
-0.02761000  0.03629000   
-0.20894000  0.04833000   
-0.09772000  0.04408000   
-0.10458000  0.04791000   
-0.11176000  0.05248000   
-0.11903000  0.05745000   
-0.12637000  0.06277000   
-0.13378000  0.06846000   
-0.14127000  0.07451000   
-0.14883000  0.08091000   
-0.15646000  0.08768000   
-0.16416000  0.09481000   
-0.15755000  0.09813000   
-0.14087000  0.09669000   
-0.13941000  0.10113000   
-0.13792000  0.10589000   
-0.13629000  0.11072000   
-0.13451000  0.11561000   
-0.13258000  0.12057000   
-0.13050000  0.12560000   
-0.12828000  0.13069000   
-0.12590000  0.13585000   
-0.12339000  0.14108000   
-0.12109000  0.14730000   
-0.11931000  0.15477000   
-0.11722000  0.16140000   
-0.11500000  0.16813000   
-0.11266000  0.17498000   
-0.11019000  0.18193000   
-0.10883000  0.19043000   
-0.38889000  0.42499000   
-0.22981000  0.30521000   
-0.24249000  0.32167000   
-0.25540000  0.33800000   
-0.26852000  0.35421000   
-0.28185000  0.37030000   
-0.29540000  0.38628000   
-0.30918000  0.40228000   
-0.32449000  0.44545000   
-0.32749000  0.45831000   
-0.31171000  0.46455000   
-0.30779000  0.48102000   
-0.30257000  0.49807000   
-0.29445000  0.52856000   
-0.29572000  0.63523000   
-0.29045000  0.66622000   
-0.30940000  0.77443000   
-0.27633000  0.79161000   
-0.25819000  0.64140000   
-0.24415000  0.63750000   
-0.35090000  0.77441000   
-0.30284000  0.77438000   
-0.28571000  0.99274000   
-0.21089000  0.82218000   
-0.19501000  0.83347000   
-0.17729000  0.84143000   
-0.16021000  0.85752000   
-0.13872000  0.89922000   
-0.13259000  1.16171000   
-0.11758000  1.02339000   
-0.48062000  1.72234000   
-0.26976000  1.55310000   
-0.27127000  1.68932000   
-0.28605000  1.47720000   
-0.39846000  1.66245000   
-0.37411000  1.58480000   
-0.40155000  1.55822000   
-0.41821000  1.55374000   
-0.39689000  1.64921000   
-0.36828000  1.80207000   
-0.34892000  1.63484000   
-0.26842000  1.50133000   
-0.22731000  1.44309000   
-0.20082000  1.42557000   
-0.14520000  1.40740000   
-0.07844000  1.41632000   
-0.01230000  1.51141000   
0.09353000  1.53097000   
0.18036000  1.60674000   
0.21913000  1.70668000   
0.18135000  1.36359000   
0.21852000  1.25479000   
-0.05550000  1.81484000   
0.02253000  1.43609000   
0.20696000  1.19434000   
0.33902000  1.40299000   
0.33712000  1.37259000   
0.29113000  1.39921000   
0.32103000  1.48036000   
0.28275000  1.55059000   
0.32867000  1.60702000   
0.27696000  1.58721000   
0.26658000  1.73943000   
0.26168000  1.85253000   
0.22630000  2.25553000   
0.21073000  2.81395000   
0.21103000  2.68581000   
0.24944000  2.61838000   
0.20581000  2.99283000   
0.33058000  2.77594000   
0.36985000  2.55252000   
0.42941000  2.46255000   
0.48072000  2.45945000   
0.42101000  2.64760000   
0.40136000  2.77067000   
0.38379000  2.36662000   
0.37448000  2.15084000   
0.40137000  2.46825000   
0.42302000  2.54613000   
0.45371000  2.57553000   
0.49352000  2.45245000   
0.55963000  2.67748000   
0.60932000  3.06104000   
0.48848000  2.70935000   
0.49277000  2.81503000   
0.32950000  2.41076000   
0.20405000  3.53596000   
0.20421000  3.09574000   
0.34585000  2.17077000   
0.48239000  2.21915000   
0.46515000  2.39297000   
0.44177000  2.83062000   
0.33949000  2.92663000   
0.32402000  2.57740000   
0.23463000  2.27329000   
0.13446000  2.03877000   
0.16627000  2.11057000   
0.15087000  2.49375000   
0.01466000  2.51260000   
-0.20361000  2.93509000   
-0.81170000  3.69220000   
-0.50366000  2.27886000   
-0.01983000  2.44769000   
0.28784000  2.48585000   
0.29484000  3.22149000   
-1.54843000  3.28191000   
-1.72749000  3.74641000   
-3.35285000  3.82382000   
0.00223000  3.39398000   
-4.35338000  3.51287000   
-3.64250000  2.60854000   
-0.97636000  2.83962000   
0.24669000  4.35492000   
0.73397000  6.50855000   
0.10989000  4.53167000   
-1.21107000  3.45502000   
-2.78546000  3.59154000   
-0.46547000  3.94722000   
-0.41330000  4.28940000   
-0.22453000  3.77022000   
-0.11613000  2.64186000   
-0.49267000  3.97562000   
-0.49666000  4.52603000   
-0.29811000  4.11834000   
-0.21614000  1.52681000   
-0.31404000  1.52632000   
-0.38037000  2.18557000   
-0.34347000  2.78346000   
-0.32367000  4.38672000   
-0.37511000  3.38578000   
-0.34839000  2.86730000   
-3.22827000  2.78530000   
-0.62035000  2.52355000   
0.01516000  2.15601000   
0.49599000  2.26111000   
0.92013000  2.13578000   
1.04602000  2.08540000   
1.27114000  2.21059000   
1.25340000  2.20175000   
1.02188000  2.41172000   
0.56166000  2.53875000   
0.26901000  2.71114000   
-0.34185000  2.71151000   
-0.10399000  2.61639000   
-1.11216000  2.77131000   
-1.28650000  2.66596000   
0.34051000  2.50978000   
0.62736000  2.26851000   
0.90801000  2.21597000   
1.02476000  2.03951000   
0.73664000  2.51554000   
0.14118000  2.44913000   
1.72958000  2.88825000   
1.70277000  2.22271000   
0.69084000  1.31416000   
1.01264000  1.24406000   
1.51972000  1.32061000   
1.93728000  1.30729000   
1.35940000  1.23991000   
0.95896000  1.35680000   
0.74010000  1.58945000   
0.54298000  1.69861000   
0.22202000  1.86169000   
0.87334000  1.76398000   
1.24125000  1.89198000   
3.07165000  2.08141000   
4.89420000  2.27216000   
7.31794000  3.69814000   
4.64175000  3.12933000   
3.34800000  1.64638000   
2.79829000  1.51130000   
0.94342000  1.68925000   
1.11191000  2.45176000   
1.59753000  2.09304000   
1.44462000  1.45489000   
1.88498000  1.40941000   
2.23501000  1.29783000   
3.88391000  1.51573000   
3.49185000  1.63680000   
9.50625000  1.93522000   
10.78062000  1.71514000   
8.32370000  1.23583000   
12.00665000  1.31332000   
6.55618000  1.35718000   
4.76247000  1.41694000   
3.76628000  1.17764000   
4.78918000  1.19064000   
3.18103000  1.18626000   
3.99380000  1.18146000   
6.92053000  1.94966000   
9.44288000  1.26918000   
19.75537000  1.13135000   
13.18041000  1.14988000   
15.03840000  1.49610000   
10.63680000  1.24643000   
11.12027000  1.07062000   
11.17985000  0.94617000   
11.11066000  1.69970000   
11.48235000  1.24238000   
10.76837000  0.80348000   
11.94996000  1.08688000   
16.72142000  1.75553000   
15.64816000  1.34792000   
10.06251000  0.98580000   
9.81989000  0.99289000   
11.80529000  1.00698000   
15.67277000  1.05000000   
18.97953000  1.23826000   
18.20508000  1.30374000   
15.13470000  1.22267000   
15.61199000  1.21745000   
16.87900000  1.29499000   
18.05415000  1.36146000   
19.10378000  1.35076000   
20.13249000  1.37732000   
21.06436000  1.33332000   
19.58825000  1.25168000   
19.54858000  1.27024000   
27.76776000  1.53935000   
35.76710000  1.27277000   
30.73914000  1.15856000   
28.62376000  1.10722000   
27.11991000  1.12709000   
26.20919000  1.16497000   
26.44107000  1.18508000   
26.92766000  1.20325000   
27.50326000  1.21998000   
27.99173000  1.23134000   
28.88693000  1.24393000   
29.60963000  1.26017000   
30.11698000  1.27709000   
30.59105000  1.29466000   
31.03121000  1.31287000   
31.89743000  2.66055000   
30.75373000  3.33274000   
33.82283000  2.01843000   
32.29863000  1.62203000   
32.98224000  1.67021000   
33.10913000  1.72779000   
33.35925000  1.80241000   
32.29601000  1.91468000   
30.51955000  1.99219000   
29.09804000  2.01465000   
28.16328000  1.98471000   
27.77863000  1.94794000   
27.42786000  2.00447000   
27.06617000  2.08428000   
27.06160000  2.19385000   
26.09605000  3.75149000   
23.92423000  2.23914000   
23.33548000  2.26372000   
22.76634000  2.28168000   
22.27157000  2.31173000   
21.97262000  2.41719000   
22.04982000  2.53370000   
21.96915000  2.53646000   
21.85359000  2.54046000   
22.16576000  2.72208000   
21.72524000  2.58507000   
21.63343000  2.60782000   
21.53875000  2.63707000   
21.68901000  2.81322000   
21.15250000  2.87355000   
16.31835000  2.98919000   
16.24947000  3.19288000   
16.80906000  6.67310000   
17.00341000  3.73595000   
16.81407000  3.33760000   
16.95733000  3.15090000   
33.74871000  3.81632000   
18.00626000  3.19189000   
22.31706000  3.86183000   
18.75143000  3.07789000   
12.99197000  2.67161000   
12.28033000  2.75191000   
11.63280000  2.82777000   
10.73988000  2.65558000   
10.17041000  2.52836000   
9.84484000  2.53610000   
9.54200000  2.52258000   
9.20476000  3.79554000   
9.17739000  2.92545000   
9.01352000  2.95500000   
8.87096000  2.98084000   
9.86804000  3.00332000   
9.02706000  3.02986000   
9.03295000  3.04807000   
9.08052000  3.02533000   
9.24956000  3.04109000   
9.45140000  3.05509000   
9.69747000  3.06885000   
12.12813000  5.12173000   
11.87629000  4.37113000   
12.32213000  4.26028000   
11.52511000  3.78868000   
10.23678000  3.30690000   
10.18357000  3.31444000   
10.53789000  3.35293000   
10.59131000  3.36667000   
10.63551000  3.36866000   
10.67157000  3.37264000   
16.66698000  3.63616000   
12.96875000  3.51704000   
12.80241000  3.55112000   
12.61407000  3.59025000   
12.20998000  3.52645000   
11.87546000  3.45205000   
11.84378000  3.42061000   
14.81811000  5.00489000   
15.09594000  4.01070000   
12.50229000  3.94692000   
12.08149000  3.95011000   
11.76495000  3.97773000   
11.40864000  4.08127000   
11.04159000  4.15808000   
10.84614000  5.65966000   
11.34762000  5.35761000   
10.08959000  4.42122000   
9.04135000  4.28860000   
8.29890000  5.84425000   
8.01946000  4.51614000   
7.64041000  4.42696000   
7.31963000  4.44580000   
6.95019000  4.48492000   
6.58666000  4.52663000   
6.27308000  4.56163000   
5.97103000  4.47497000   
5.64990000  4.43001000   
5.49969000  4.14413000   
5.28760000  4.11408000   
5.14455000  4.08623000   
5.16105000  4.03939000   
5.28417000  4.00914000   
5.43265000  4.72974000   
5.30446000  3.94799000   
5.34158000  3.97323000   
5.26300000  7.58736000   
5.99112000  5.44686000   
5.49023000  3.70108000   
5.57644000  3.67000000   
5.64809000  3.67086000   
5.72416000  3.64547000   
5.80342000  3.60919000   
5.99625000  3.63855000   
6.22340000  3.71746000   
7.12905000  4.51961000   
8.32065000  5.39387000   
8.41995000  5.49281000   
9.37545000  5.07199000   
9.45797000  3.83403000   
10.61347000  3.71798000   
11.46139000  3.38393000   
13.04576000  3.30266000   
14.86472000  3.26967000   
16.87221000  3.27616000   
18.79552000  3.21056000   
18.50903000  3.15148000   
17.58296000  3.12267000   
17.45480000  3.32904000   
15.90808000  3.18029000   
14.73001000  3.39587000   
13.72489000  3.51301000   
12.61107000  3.58620000   
11.48492000  3.79936000   
7.61048000  3.72277000   
4.59413000  3.36599000   
