-20.000 0.0 0.0 0.0 0.0 0.0 0.0 0.0 0.0
-19.960 0.0 0.0 0.0 0.0 0.0 0.0 0.0 0.0
-19.920 0.0 0.0 0.0 0.0 0.0 0.0 0.0 0.0
-19.880 0.0 0.0 0.0 0.0 0.0 0.0 0.0 0.0
-19.840 0.0 0.0 0.0 0.0 0.0 0.0 0.0 0.0
-19.800 0.0 0.0 0.0 0.0 0.0 0.0 0.0 0.0
-19.760 0.0 0.0 0.0 0.0 0.0 0.0 0.0 0.0
-19.720 0.0 0.0 0.0 0.0 0.0 0.0 0.0 0.0
-19.680 0.0 0.0 0.0 0.0 0.0 0.0 0.0 0.0
-19.640 0.0 0.0 0.0 0.0 0.0 0.0 0.0 0.0
-19.600 0.0 0.0 0.0 0.0 0.0 0.0 0.0 0.0
-19.560 0.0 0.0 0.0 0.0 0.0 0.0 0.0 0.0
-19.520 0.0 0.0 0.0 0.0 0.0 0.0 0.0 0.0
-19.480 0.0 0.0 0.0 0.0 0.0 0.0 0.0 0.0
-19.440 0.0 0.0 0.0 0.0 0.0 0.0 0.0 0.0
-19.400 0.0 0.0 0.0 0.0 0.0 0.0 0.0 0.0
-19.360 0.0 0.0 0.0 0.0 0.0 0.0 0.0 0.0
-19.320 0.0 0.0 0.0 0.0 0.0 0.0 0.0 0.0
-19.280 0.0 0.0 0.0 0.0 0.0 0.0 0.0 0.0
-19.240 0.0 0.0 0.0 0.0 0.0 0.0 0.0 0.0
-19.200 0.0 0.0 0.0 0.0 0.0 0.0 0.0 0.0
-19.160 0.0 0.0 0.0 0.0 0.0 0.0 0.0 0.0
-19.120 0.0 0.0 0.0 0.0 0.0 0.0 0.0 0.0
-19.080 0.0 0.0 0.0 0.0 0.0 0.0 0.0 0.0
-19.040 0.0 0.0 0.0 0.0 0.0 0.0 0.0 0.0
-19.000 0.0 0.0 0.0 0.0 0.0 0.0 0.0 0.0
-18.960 0.0 0.0 0.0 0.0 0.0 0.0 0.0 0.0
-18.920 0.0 0.0 0.0 0.0 0.0 0.0 0.0 0.0
-18.880 0.0 0.0 0.0 0.0 0.0 0.0 0.0 0.0
-18.840 0.0 0.0 0.0 0.0 0.0 0.0 0.0 0.0
-18.800 0.0 0.0 0.0 0.0 0.0 0.0 0.0 0.0
-18.760 0.0 0.0 0.0 0.0 0.0 0.0 0.0 0.0
-18.720 0.0 0.0 0.0 0.0 0.0 0.0 0.0 0.0
-18.680 0.0 0.0 0.0 0.0 0.0 0.0 0.0 0.0
-18.640 0.0 0.0 0.0 0.0 0.0 0.0 0.0 0.0
-18.600 0.0 0.0 0.0 0.0 0.0 0.0 0.0 0.0
-18.560 0.0 0.0 0.0 0.0 0.0 0.0 0.0 0.0
-18.520 0.0 0.0 0.0 0.0 0.0 0.0 0.0 0.0
-18.480 0.0 0.0 0.0 0.0 0.0 0.0 0.0 0.0
-18.440 0.0 0.0 0.0 0.0 0.0 0.0 0.0 0.0
-18.400 0.0 0.0 0.0 0.0 0.0 0.0 0.0 0.0
-18.360 0.0 0.0 0.0 0.0 0.0 0.0 0.0 0.0
-18.320 0.0 0.0 0.0 0.0 0.0 0.0 0.0 0.0
-18.280 0.0 0.0 0.0 0.0 0.0 0.0 0.0 0.0
-18.240 0.0 0.0 0.0 0.0 0.0 0.0 0.0 0.0
-18.200 0.0 0.0 0.0 0.0 0.0 0.0 0.0 0.0
-18.160 0.0 0.0 0.0 0.0 0.0 0.0 0.0 0.0
-18.120 0.0 0.0 0.0 0.0 0.0 0.0 0.0 0.0
-18.080 0.0 0.0 0.0 0.0 0.0 0.0 0.0 0.0
-18.040 0.0 0.0 0.0 0.0 0.0 0.0 0.0 0.0
-18.000 0.0 0.0 0.0 0.0 0.0 0.0 0.0 0.0
-17.960 0.0 0.0 0.0 0.0 0.0 0.0 0.0 0.0
-17.920 0.0 0.0 0.0 0.0 0.0 0.0 0.0 0.0
-17.880 0.0 0.0 0.0 0.0 0.0 0.0 0.0 0.0
-17.840 0.0 0.0 0.0 0.0 0.0 0.0 0.0 0.0
-17.800 0.0 0.0 0.0 0.0 0.0 0.0 0.0 0.0
-17.760 0.0 0.0 0.0 0.0 0.0 0.0 0.0 0.0
-17.720 0.0 0.0 0.0 0.0 0.0 0.0 0.0 0.0
-17.680 0.0 0.0 0.0 0.0 0.0 0.0 0.0 0.0
-17.640 0.0 0.0 0.0 0.0 0.0 0.0 0.0 0.0
-17.600 0.0 0.0 0.0 0.0 0.0 0.0 0.0 0.0
-17.560 0.0 0.0 0.0 0.0 0.0 0.0 0.0 0.0
-17.520 0.0 0.0 0.0 0.0 0.0 0.0 0.0 0.0
-17.480 0.0 0.0 0.0 0.0 0.0 0.0 0.0 0.0
-17.440 0.0 0.0 0.0 0.0 0.0 0.0 0.0 0.0
-17.400 0.0 0.0 0.0 0.0 0.0 0.0 0.0 0.0
-17.360 0.0 0.0 0.0 0.0 0.0 0.0 0.0 0.0
-17.320 0.0 0.0 0.0 0.0 0.0 0.0 0.0 0.0
-17.280 0.0 0.0 0.0 0.0 0.0 0.0 0.0 0.0
-17.240 0.0 0.0 0.0 0.0 0.0 0.0 0.0 0.0
-17.200 0.0 0.0 0.0 0.0 0.0 0.0 0.0 0.0
-17.160 0.0 0.0 0.0 0.0 0.0 0.0 0.0 0.0
-17.120 0.0 0.0 0.0 0.0 0.0 0.0 0.0 0.0
-17.080 0.0 0.0 0.0 0.0 0.0 0.0 0.0 0.0
-17.040 0.0 0.0 0.0 0.0 0.0 0.0 0.0 0.0
-17.000 0.0 0.0 0.0 0.0 0.0 0.0 0.0 0.0
-16.960 0.0 0.0 0.0 0.0 0.0 0.0 0.0 0.0
-16.920 0.0 0.0 0.0 0.0 0.0 0.0 0.0 0.0
-16.880 0.0 0.0 0.0 0.0 0.0 0.0 0.0 0.0
-16.840 0.0 0.0 0.0 0.0 0.0 0.0 0.0 0.0
-16.800 0.0 0.0 0.0 0.0 0.0 0.0 0.0 0.0
-16.760 0.0 0.0 0.0 0.0 0.0 0.0 0.0 0.0
-16.720 0.0 0.0 0.0 0.0 0.0 0.0 0.0 0.0
-16.680 0.0 0.0 0.0 0.0 0.0 0.0 0.0 0.0
-16.640 0.0 0.0 0.0 0.0 0.0 0.0 0.0 0.0
-16.600 0.0 0.0 0.0 0.0 0.0 0.0 0.0 0.0
-16.560 0.0 0.0 0.0 0.0 0.0 0.0 0.0 0.0
-16.520 0.0 0.0 0.0 0.0 0.0 0.0 0.0 0.0
-16.480 0.0 0.0 0.0 0.0 0.0 0.0 0.0 0.0
-16.440 0.0 0.0 0.0 0.0 0.0 0.0 0.0 0.0
-16.400 0.0 0.0 0.0 0.0 0.0 0.0 0.0 0.0
-16.360 0.0 0.0 0.0 0.0 0.0 0.0 0.0 0.0
-16.320 0.0 0.0 0.0 0.0 0.0 0.0 0.0 0.0
-16.280 0.0 0.0 0.0 0.0 0.0 0.0 0.0 0.0
-16.240 0.0 0.0 0.0 0.0 0.0 0.0 0.0 0.0
-16.200 0.0 0.0 0.0 0.0 0.0 0.0 0.0 0.0
-16.160 0.0 0.0 0.0 0.0 0.0 0.0 0.0 0.0
-16.120 0.0 0.0 0.0 0.0 0.0 0.0 0.0 0.0
-16.080 0.0 0.0 0.0 0.0 0.0 0.0 0.0 0.0
-16.040 0.0 0.0 0.0 0.0 0.0 0.0 0.0 0.0
-16.000 0.0 0.0 0.0 0.0 0.0 0.0 0.0 0.0
-15.960 0.0 0.0 0.0 0.0 0.0 0.0 0.0 0.0
-15.920 0.0 0.0 0.0 0.0 0.0 0.0 0.0 0.0
-15.880 0.0 0.0 0.0 0.0 0.0 0.0 0.0 0.0
-15.840 0.0 0.0 0.0 0.0 0.0 0.0 0.0 0.0
-15.800 0.0 0.0 0.0 0.0 0.0 0.0 0.0 0.0
-15.760 0.0 0.0 0.0 0.0 0.0 0.0 0.0 0.0
-15.720 0.0 0.0 0.0 0.0 0.0 0.0 0.0 0.0
-15.680 0.0 0.0 0.0 0.0 0.0 0.0 0.0 0.0
-15.640 0.0 0.0 0.0 0.0 0.0 0.0 0.0 0.0
-15.600 0.0 0.0 0.0 0.0 0.0 0.0 0.0 0.0
-15.560 0.0 0.0 0.0 0.0 0.0 0.0 0.0 0.0
-15.520 0.0 0.0 0.0 0.0 0.0 0.0 0.0 0.0
-15.480 0.0 0.0 0.0 0.0 0.0 0.0 0.0 0.0
-15.440 0.0 0.0 0.0 0.0 0.0 0.0 0.0 0.0
-15.400 0.0 0.0 0.0 0.0 0.0 0.0 0.0 0.0
-15.360 0.0 0.0 0.0 0.0 0.0 0.0 0.0 0.0
-15.320 0.0 0.0 0.0 0.0 0.0 0.0 0.0 0.0
-15.280 0.0 0.0 0.0 0.0 0.0 0.0 0.0 0.0
-15.240 0.0 0.0 0.0 0.0 0.0 0.0 0.0 0.0
-15.200 0.0 0.0 0.0 0.0 0.0 0.0 0.0 0.0
-15.160 0.0 0.0 0.0 0.0 0.0 0.0 0.0 0.0
-15.120 0.0 0.0 0.0 0.0 0.0 0.0 0.0 0.0
-15.080 0.0 0.0 0.0 0.0 0.0 0.0 0.0 0.0
-15.040 0.0 0.0 0.0 0.0 0.0 0.0 0.0 0.0
-15.000 0.0 0.0 0.0 0.0 0.0 0.0 0.0 0.0
-14.960 0.0 0.0 0.0 0.0 0.0 0.0 0.0 0.0
-14.920 0.0 0.0 0.0 0.0 0.0 0.0 0.0 0.0
-14.880 0.0 0.0 0.0 0.0 0.0 0.0 0.0 0.0
-14.840 0.0 0.0 0.0 0.0 0.0 0.0 0.0 0.0
-14.800 0.0 0.0 0.0 0.0 0.0 0.0 0.0 0.0
-14.760 0.0 0.0 0.0 0.0 0.0 0.0 0.0 0.0
-14.720 0.0 0.0 0.0 0.0 0.0 0.0 0.0 0.0
-14.680 0.0 0.0 0.0 0.0 0.0 0.0 0.0 0.0
-14.640 0.0 0.0 0.0 0.0 0.0 0.0 0.0 0.0
-14.600 0.0 0.0 0.0 0.0 0.0 0.0 0.0 0.0
-14.560 0.0 0.0 0.0 0.0 0.0 0.0 0.0 0.0
-14.520 0.0 0.0 0.0 0.0 0.0 0.0 0.0 0.0
-14.480 0.0 0.0 0.0 0.0 0.0 0.0 0.0 0.0
-14.440 0.0 0.0 0.0 0.0 0.0 0.0 0.0 0.0
-14.400 0.0 0.0 0.0 0.0 0.0 0.0 0.0 0.0
-14.360 0.0 0.0 0.0 0.0 0.0 0.0 0.0 0.0
-14.320 0.0 0.0 0.0 0.0 0.0 0.0 0.0 0.0
-14.280 0.0 0.0 0.0 0.0 0.0 0.0 0.0 0.0
-14.240 0.0 0.0 0.0 0.0 0.0 0.0 0.0 0.0
-14.200 0.0 0.0 0.0 0.0 0.0 0.0 0.0 0.0
-14.160 0.0 0.0 0.0 0.0 0.0 0.0 0.0 0.0
-14.120 0.0 0.0 0.0 0.0 0.0 0.0 0.0 0.0
-14.080 0.0 0.0 0.0 0.0 0.0 0.0 0.0 0.0
-14.040 0.0 0.0 0.0 0.0 0.0 0.0 0.0 0.0
-14.000 0.0 0.0 0.0 0.0 0.0 0.0 0.0 0.0
-13.960 0.0 0.0 0.0 0.0 0.0 0.0 0.0 0.0
-13.920 0.0 0.0 0.0 0.0 0.0 0.0 0.0 0.0
-13.880 0.0 0.0 0.0 0.0 0.0 0.0 0.0 0.0
-13.840 0.0 0.0 0.0 0.0 0.0 0.0 0.0 0.0
-13.800 0.0 0.0 0.0 0.0 0.0 0.0 0.0 0.0
-13.760 0.00121367 0.0 0.50665 0.0 0.00215377 0.0 0.003777 0.0
-13.720 0.0028615 0.00110857 0.8816 0.42042 0.004616 0.00191346 0.0063966 0.0036481
-13.680 0.0066964 0.0028175 1.7539 0.79184 0.0111504 0.004449 0.012286 0.0066974
-13.640 0.0080348 0.0064644 1.9222 1.5273 0.0131766 0.0104676 0.013263 0.012491
-13.600 0.0083551 0.0086721 1.6739 1.8951 0.0122917 0.0142097 0.011542 0.015214
-13.560 0.010497 0.0088831 1.8295 1.6136 0.012645 0.0129879 0.01338 0.012935
-13.520 0.015586 0.0098237 2.9698 1.5027 0.023946 0.0119593 0.022228 0.012527
-13.480 0.028502 0.015913 4.2109 2.6848 0.035744 0.023285 0.032327 0.023353
-13.440 0.0264355 0.03026 2.9816 4.1608 0.025576 0.039069 0.022935 0.036935
-13.400 0.027871 0.0253419 3.4593 2.4451 0.035011 0.022345 0.025136 0.022034
-13.360 0.023968 0.033107 2.6932 3.698 0.02774 0.040218 0.019087 0.031835
-13.320 0.025318 0.023336 2.5644 2.2682 0.028018 0.02509 0.018111 0.019211
-13.280 0.031414 0.02461 2.611 2.3586 0.028956 0.028669 0.018488 0.019724
-13.240 0.034981 0.03182 2.0792 2.3611 0.020111 0.028629 0.01472 0.019839
-13.200 0.036088 0.041298 2.2303 2.2107 0.026018 0.023752 0.015466 0.018522
-13.160 0.04709 0.037697 2.8953 2.007 0.03825 0.024553 0.019484 0.01675
-13.120 0.045474 0.050175 2.5643 2.7003 0.035873 0.03915 0.016329 0.021643
-13.080 0.027568 0.047841 1.6068 2.3936 0.024769 0.037149 0.010179 0.018239
-13.040 0.030275 0.031689 1.9024 1.6053 0.033942 0.027242 0.011456 0.012187
-13.000 0.031771 0.032727 2.0041 1.8811 0.038009 0.038386 0.01217 0.013511
-12.960 0.033833 0.033702 1.6424 1.8614 0.030586 0.03994 0.009495 0.013403
-12.920 0.032171 0.036194 1.3601 1.6471 0.025472 0.035228 0.007676 0.011628
-12.880 0.036205 0.035103 1.5642 1.3088 0.031271 0.027875 0.00916 0.008801
-12.840 0.03416 0.038346 1.4621 1.4545 0.03133 0.032937 0.008377 0.010234
-12.800 0.036661 0.037074 1.5178 1.3886 0.034381 0.033874 0.008601 0.009531
-12.760 0.018506 0.040729 0.94913 1.4636 0.024964 0.037721 0.005586 0.009956
-12.720 0.031925 0.021865 1.6214 0.92044 0.044408 0.026997 0.010098 0.006501
-12.680 0.028524 0.031354 1.51 1.393 0.043108 0.044196 0.010309 0.010277
-12.640 0.025769 0.031994 1.3429 1.4355 0.039651 0.046929 0.009883 0.011719
-12.600 0.032578 0.027552 1.4686 1.2362 0.044283 0.042105 0.009971 0.010873
-12.560 0.03668 0.034496 1.5778 1.3203 0.048989 0.046093 0.010762 0.01074
-12.520 0.032377 0.040834 1.3207 1.4986 0.042067 0.054085 0.009343 0.012276
-12.480 0.036096 0.035711 1.4049 1.2356 0.046736 0.045884 0.010226 0.010562
-12.440 0.031572 0.039344 1.2849 1.2989 0.0451 0.050635 0.009724 0.011481
-12.400 0.0188 0.033586 0.8668 1.1578 0.033484 0.047952 0.0066841 0.010639
-12.360 0.013322 0.019084 0.65486 0.75905 0.027117 0.035032 0.0052457 0.0071338
-12.320 0.025339 0.014361 0.9791 0.59217 0.038677 0.029219 0.008207 0.0058178
-12.280 0.040694 0.03037 1.6434 0.9813 0.065932 0.046194 0.014781 0.01023
-12.240 0.033521 0.046421 1.4372 1.5713 0.061347 0.076471 0.013631 0.017515
-12.200 0.017023 0.034604 0.79953 1.2076 0.038724 0.063211 0.0074865 0.014062
-12.160 0.024785 0.015545 0.9204 0.61548 0.041158 0.036122 0.010276 0.0074989
-12.120 0.029931 0.027485 1.2046 0.84267 0.05213 0.046109 0.016345 0.012285
-12.080 0.036356 0.03584 1.4875 1.1657 0.065676 0.060491 0.02214 0.020663
-12.040 0.030702 0.042091 1.4557 1.4236 0.072276 0.077633 0.022852 0.027697
-12.000 0.015807 0.027244 0.9422 1.0897 0.052334 0.067296 0.01589 0.022595
-11.960 0.019391 0.020933 0.9801 0.9921 0.055494 0.070782 0.018092 0.021846
-11.920 0.025469 0.02403 0.8182 0.74232 0.042796 0.048606 0.016377 0.018558
-11.880 0.020276 0.026239 0.59164 0.60704 0.031435 0.037696 0.012774 0.016546
-11.840 0.021614 0.022741 0.64498 0.5138 0.039338 0.035958 0.0151231 0.015396
-11.800 0.025619 0.028375 0.78882 0.68994 0.057474 0.059376 0.0193173 0.022046
-11.760 0.034097 0.036694 1.0544 0.8736 0.09197 0.093448 0.0272661 0.0296437
-11.720 0.028454 0.034252 0.73453 0.68798 0.075982 0.090546 0.0196205 0.0246218
-11.680 0.007742 0.008864 0.079012 0.064396 0.0094916 0.0103197 0.00173825 0.0019201
-11.640 0.0053159 0.005796 0.03399 0.025048 0.0048432 0.0050204 0.00080155 0.00082324
-11.600 0.0026422 0.0015347 0.015721 0.0048085 0.00310833 0.00150068 0.00042149 0.000194628
-11.560 4.5668e-05 0.0 0.00024293 0.0 5.73872e-05 0.0 7.0523e-06 0.0
-11.520 0.0 0.0 0.0 0.0 0.0 0.0 0.0 0.0
-11.480 0.0 0.0 0.0 0.0 0.0 0.0 0.0 0.0
-11.440 0.0 0.0 0.0 0.0 0.0 0.0 0.0 0.0
-11.400 0.0 0.0 0.0 0.0 0.0 0.0 0.0 0.0
-11.360 0.0 0.0 0.0 0.0 0.0 0.0 0.0 0.0
-11.320 0.0 0.0 0.0 0.0 0.0 0.0 0.0 0.0
-11.280 0.0 0.0 0.0 0.0 0.0 0.0 0.0 0.0
-11.240 0.0 0.0 0.0 0.0 0.0 0.0 0.0 0.0
-11.200 0.0 0.0 0.0 0.0 0.0 0.0 0.0 0.0
-11.160 0.0 0.0 0.0 0.0 0.0 0.0 0.0 0.0
-11.120 0.0 0.0 0.0 0.0 0.0 0.0 0.0 0.0
-11.080 0.0 0.0 0.0 0.0 0.0 0.0 0.0 0.0
-11.040 0.0 0.0 0.0 0.0 0.0 0.0 0.0 0.0
-11.000 0.0 0.0 0.0 0.0 0.0 0.0 0.0 0.0
-10.960 0.0 0.0 0.0 0.0 0.0 0.0 0.0 0.0
-10.920 0.0 0.0 0.0 0.0 0.0 0.0 0.0 0.0
-10.880 0.0 0.0 0.0 0.0 0.0 0.0 0.0 0.0
-10.840 0.0 0.0 0.0 0.0 0.0 0.0 0.0 0.0
-10.800 0.0 0.0 0.0 0.0 0.0 0.0 0.0 0.0
-10.760 0.0 0.0 0.0 0.0 0.0 0.0 0.0 0.0
-10.720 0.0 0.0 0.0 0.0 0.0 0.0 0.0 0.0
-10.680 0.0 0.0 0.0 0.0 0.0 0.0 0.0 0.0
-10.640 0.000214049 0.0 4.4457 0.0 0.0016789 0.0 0.0015867 0.0
-10.600 0.00137285 0.0 24.407 0.0 0.014279 0.0 0.0065324 0.0
-10.560 0.0010234 0.0 18.512 0.0 0.01024 0.0 0.0047917 0.0
-10.520 0.00100753 0.0 17.788 0.0 0.00913 0.0 0.0044399 0.0
-10.480 0.0013418 0.0 18.302 0.0 0.0096559 0.0 0.0041636 0.0
-10.440 0.0014657 0.00062085 18.181 13.698 0.009069 0.008735 0.0042082 0.0049364
-10.400 0.0018758 0.00045431 26.351 9.215 0.010758 0.0055787 0.0060717 0.0034428
-10.360 0.001187 0.00060749 16.84 12.885 0.0062631 0.0076136 0.0038763 0.0046889
-10.320 0.0012679 0.00082239 19.362 15.417 0.0076179 0.0086308 0.0040077 0.0051996
-10.280 0.00071517 0.0020141 12.011 19.849 0.0050749 0.0115813 0.0021364 0.006096
-10.240 0.00073482 0.0013905 11.187 16.608 0.0042994 0.008915 0.0017172 0.0052465
-10.200 0.00067811 0.0016569 8.254 23.656 0.002833 0.010496 0.0011034 0.0075351
-10.160 0.00056942 0.0012062 5.0911 17.289 0.001648 0.0066936 0.00060269 0.0056011
-10.120 0.00047152 0.0011506 0.26554 18.961 0.00113506 0.0073738 0.00022333 0.0057301
-10.080 0.0014422 0.00078758 0.91552 13.007 0.004539 0.0054498 0.00114264 0.0036631
-10.040 0.0041595 0.00071205 3.0579 10.865 0.017607 0.0042917 0.0045398 0.0026771
-10.000 0.0055981 0.00071003 3.9285 8.2408 0.025316 0.002986 0.0068455 0.0017949
-9.960 0.0047312 0.00056813 2.5949 5.2234 0.017202 0.0017406 0.0051732 0.0010141
-9.920 0.0047937 0.00052891 2.1704 0.41951 0.014742 0.0014997 0.0049677 0.0002917
-9.880 0.0056011 0.0025573 2.3905 2.3142 0.017405 0.010156 0.0063671 0.00247488
-9.840 0.0065155 0.0046927 2.6782 4.41 0.021073 0.022766 0.0078147 0.0055804
-9.800 0.008628 0.0042684 3.696 3.0416 0.032413 0.016382 0.0102209 0.0045116
-9.760 0.00972 0.004368 3.8961 2.5002 0.036051 0.013967 0.0109787 0.0043025
-9.720 0.009133 0.005156 3.8716 2.7751 0.03938 0.016899 0.0107421 0.0056299
-9.680 0.007964 0.0062333 3.2485 3.1566 0.034411 0.021062 0.0092839 0.0071497
-9.640 0.011085 0.00833 3.5173 4.3355 0.035518 0.032135 0.0108634 0.0093766
-9.600 0.011603 0.008868 3.602 4.2143 0.036403 0.033345 0.0122951 0.0094195
-9.560 0.0070399 0.008109 2.3511 4.0855 0.026334 0.035497 0.0076003 0.0091604
-9.520 0.011265 0.0074082 3.2947 3.4419 0.037239 0.031109 0.0102983 0.0078979
-9.480 0.014149 0.011904 3.4373 4.1775 0.037922 0.035083 0.0098776 0.0110822
-9.440 0.00791 0.008892 2.0401 3.4756 0.024377 0.031455 0.0050674 0.0089233
-9.400 0.0071222 0.0070063 1.725 2.7256 0.021073 0.02697 0.0043539 0.0067993
-9.360 0.0089802 0.016993 2.0063 5.2312 0.024421 0.050378 0.0054914 0.0137027
-9.320 0.012761 0.0106539 2.635 2.9558 0.032427 0.029291 0.0071422 0.006145
-9.280 0.016354 0.0063542 3.2242 1.8863 0.039788 0.020244 0.0086944 0.0037064
-9.240 0.018903 0.0077008 3.5183 1.9781 0.043646 0.021008 0.0096175 0.0040959
-9.200 0.016512 0.0099739 2.9276 2.4079 0.035286 0.026 0.0083358 0.0053495
-9.160 0.014492 0.013789 2.5337 3.1544 0.030132 0.034356 0.007524 0.0070632
-9.120 0.012642 0.017143 2.3474 3.6641 0.029455 0.040299 0.0067844 0.0080144
-9.080 0.01429 0.017379 2.631 3.6277 0.033638 0.04077 0.007655 0.0083169
-9.040 0.01587 0.014377 2.9898 2.7579 0.038012 0.029091 0.009371 0.0066984
-9.000 0.015814 0.012771 2.6586 2.5353 0.031431 0.027845 0.0081477 0.0061198
-8.960 0.012955 0.012872 2.2892 2.6411 0.027642 0.030261 0.0070144 0.0063702
-8.920 0.012519 0.015126 2.134 3.1431 0.026146 0.036324 0.0065564 0.008024
-8.880 0.020045 0.015781 3.1625 3.0015 0.036332 0.032594 0.01033 0.0076555
-8.840 0.017785 0.014197 2.753 2.6873 0.030999 0.02898 0.009649 0.0066116
-8.800 0.018408 0.0102606 2.9389 1.9543 0.033667 0.022122 0.010839 0.0048125
-8.760 0.019283 0.017724 3.0981 3.0875 0.035972 0.032947 0.011701 0.007987
-8.720 0.016689 0.018208 3.5582 3.1308 0.045429 0.032207 0.01468 0.00874
-8.680 0.01578 0.017393 3.1007 2.9393 0.036925 0.030209 0.013624 0.008563
-8.640 0.015703 0.020158 2.413 3.467 0.024502 0.036057 0.012222 0.010738
-8.600 0.015146 0.016062 2.5554 3.3402 0.027017 0.037749 0.012271 0.01104
-8.560 0.015996 0.016143 2.9234 3.523 0.031001 0.039427 0.014059 0.012545
-8.520 0.016128 0.016404 3.0202 2.7362 0.031196 0.026037 0.014933 0.011438
-8.480 0.018592 0.013001 3.5266 2.3693 0.035899 0.023135 0.017502 0.009427
-8.440 0.014122 0.015617 2.6573 3.1071 0.025791 0.030854 0.013758 0.011974
-8.400 0.011661 0.015448 2.0833 3.1237 0.01858 0.030053 0.011414 0.012492
-8.360 0.017577 0.017584 3.4766 3.5775 0.031256 0.033852 0.019167 0.014412
-8.320 0.019166 0.015182 4.2106 3.1703 0.038888 0.029426 0.023215 0.013074
-8.280 0.017838 0.010872 4.5079 2.0673 0.04285 0.01721 0.025558 0.009237
-8.240 0.014352 0.015286 3.7522 3.2011 0.033684 0.026961 0.022272 0.014346
-8.200 0.01116 0.019553 2.9169 4.5204 0.024488 0.038925 0.018636 0.020095
-8.160 0.0118504 0.017576 3.509 4.7066 0.032359 0.042174 0.021471 0.02156
-8.120 0.016937 0.014228 4.828 3.9565 0.042224 0.033629 0.030712 0.018971
-8.080 0.0098126 0.011488 2.6907 3.1638 0.020447 0.025188 0.017951 0.01624
-8.040 0.0116997 0.012085 3.6902 3.765 0.029148 0.032446 0.023832 0.019123
-8.000 0.012407 0.0156807 5.0518 4.786 0.041055 0.039315 0.032342 0.025352
-7.960 0.009822 0.0095595 4.3035 2.837 0.033109 0.020681 0.027395 0.015609
-7.920 0.0063593 0.0113894 2.7216 3.7712 0.018865 0.02827 0.017602 0.020065
-7.880 0.0043337 0.011571 1.4872 4.9918 0.010362 0.038379 0.008386 0.026351
-7.840 0.0038078 0.009514 1.6703 4.6354 0.0122429 0.033669 0.0092777 0.024523
-7.800 0.0041299 0.0066899 2.0716 3.1456 0.0150131 0.020819 0.011362 0.016586
-7.760 0.0040629 0.0044441 2.3785 1.6777 0.0167824 0.010944 0.013037 0.0078059
-7.720 0.003984 0.0037931 2.8712 1.7402 0.0194521 0.0117908 0.016038 0.0079498
-7.680 0.00265 0.0039925 1.9266 2.1159 0.0120888 0.0142904 0.010708 0.0095216
-7.640 0.0015328 0.0039099 1.2321 2.4227 0.0070157 0.0159703 0.0070582 0.010871
-7.600 0.00093562 0.0038133 0.9177 2.9157 0.0047798 0.0184758 0.0054192 0.013332
-7.560 0.00049448 0.0025684 0.63524 1.9955 0.0030092 0.0117974 0.0038667 0.0090061
-7.520 0.000177709 0.0014918 0.3454 1.2825 0.00147464 0.006881 0.0021678 0.0059458
-7.480 0.0 0.00091446 0.0 0.9568 0.0 0.0047183 0.0 0.0045618
-7.440 0.0 0.00049811 0.0 0.68956 0.0 0.00308808 0.0 0.0033914
-7.400 0.0 0.00020043 0.0 0.41107 0.0 0.00167399 0.0 0.0020804
-7.360 0.0 0.0 0.0 0.0 0.0 0.0 0.0 0.0
-7.320 0.0 0.0 0.0 0.0 0.0 0.0 0.0 0.0
-7.280 0.0 0.0 0.0 0.0 0.0 0.0 0.0 0.0
-7.240 0.0 0.0 0.0 0.0 0.0 0.0 0.0 0.0
-7.200 0.0 0.0 0.0 0.0 0.0 0.0 0.0 0.0
-7.160 0.0 0.0 0.0 0.0 0.0 0.0 0.0 0.0
-7.120 0.0 0.0 0.0 0.0 0.0 0.0 0.0 0.0
-7.080 0.0 0.0 0.0 0.0 0.0 0.0 0.0 0.0
-7.040 0.0 0.0 0.0 0.0 0.0 0.0 0.0 0.0
-7.000 0.0 0.0 0.0 0.0 0.0 0.0 0.0 0.0
-6.960 0.0 0.0 0.0 0.0 0.0 0.0 0.0 0.0
-6.920 0.0 0.0 0.0 0.0 0.0 0.0 0.0 0.0
-6.880 0.0 0.0 0.0 0.0 0.0 0.0 0.0 0.0
-6.840 0.0 0.0 0.0 0.0 0.0 0.0 0.0 0.0
-6.800 0.0 0.0 0.0 0.0 0.0 0.0 0.0 0.0
-6.760 0.0 0.0 0.0 0.0 0.0 0.0 0.0 0.0
-6.720 0.0 0.0 0.0 0.0 0.0 0.0 0.0 0.0
-6.680 0.0 0.0 0.0 0.0 0.0 0.0 0.0 0.0
-6.640 0.0 0.0 0.0 0.0 0.0 0.0 0.0 0.0
-6.600 0.0 0.0 0.0 0.0 0.0 0.0 0.0 0.0
-6.560 0.0 0.0 0.0 0.0 0.0 0.0 0.0 0.0
-6.520 0.0 0.0 0.0 0.0 0.0 0.0 0.0 0.0
-6.480 0.0 0.0 0.0 0.0 0.0 0.0 0.0 0.0
-6.440 0.0 0.0 0.0 0.0 0.0 0.0 0.0 0.0
-6.400 0.0 0.0 0.0 0.0 0.0 0.0 0.0 0.0
-6.360 0.0 0.0 0.0 0.0 0.0 0.0 0.0 0.0
-6.320 0.0 0.0 0.0 0.0 0.0 0.0 0.0 0.0
-6.280 0.0 0.0 0.0 0.0 0.0 0.0 0.0 0.0
-6.240 0.0 0.0 0.0 0.0 0.0 0.0 0.0 0.0
-6.200 0.0 0.0 0.0 0.0 0.0 0.0 0.0 0.0
-6.160 0.0 0.0 0.0 0.0 0.0 0.0 0.0 0.0
-6.120 0.0 0.0 0.0 0.0 0.0 0.0 0.0 0.0
-6.080 0.0 0.0 0.0 0.0 0.0 0.0 0.0 0.0
-6.040 0.0 0.0 0.0 0.0 0.0 0.0 0.0 0.0
-6.000 0.0 0.0 0.0 0.0 0.0 0.0 0.0 0.0
-5.960 0.0 0.0 0.0 0.0 0.0 0.0 0.0 0.0
-5.920 0.0 0.0 0.0 0.0 0.0 0.0 0.0 0.0
-5.880 0.0 0.0 0.0 0.0 0.0 0.0 0.0 0.0
-5.840 0.0 0.0 0.0 0.0 0.0 0.0 0.0 0.0
-5.800 0.0 0.0 0.0 0.0 0.0 0.0 0.0 0.0
-5.760 0.0 0.0 0.0 0.0 0.0 0.0 0.0 0.0
-5.720 0.0 0.0 0.0 0.0 0.0 0.0 0.0 0.0
-5.680 0.0 0.0 0.0 0.0 0.0 0.0 0.0 0.0
-5.640 0.0 0.0 0.0 0.0 0.0 0.0 0.0 0.0
-5.600 0.0 0.0 0.0 0.0 0.0 0.0 0.0 0.0
-5.560 0.0 0.0 0.0 0.0 0.0 0.0 0.0 0.0
-5.520 0.0 0.0 0.0 0.0 0.0 0.0 0.0 0.0
-5.480 0.0 0.0 0.0 0.0 0.0 0.0 0.0 0.0
-5.440 0.0 0.0 0.0 0.0 0.0 0.0 0.0 0.0
-5.400 0.0 0.0 0.0 0.0 0.0 0.0 0.0 0.0
-5.360 0.0 0.0 0.0 0.0 0.0 0.0 0.0 0.0
-5.320 0.0 0.0 0.0 0.0 0.0 0.0 0.0 0.0
-5.280 0.0 0.0 0.0 0.0 0.0 0.0 0.0 0.0
-5.240 0.0 0.0 0.0 0.0 0.0 0.0 0.0 0.0
-5.200 0.0 0.0 0.0 0.0 0.0 0.0 0.0 0.0
-5.160 0.0 0.0 0.0 0.0 0.0 0.0 0.0 0.0
-5.120 0.0 0.0 0.0 0.0 0.0 0.0 0.0 0.0
-5.080 0.0 0.0 0.0 0.0 0.0 0.0 0.0 0.0
-5.040 0.0 0.0 0.0 0.0 0.0 0.0 0.0 0.0
-5.000 0.0 0.0 0.0 0.0 0.0 0.0 0.0 0.0
-4.960 0.0 0.0 0.0 0.0 0.0 0.0 0.0 0.0
-4.920 0.0 0.0 0.0 0.0 0.0 0.0 0.0 0.0
-4.880 0.0 0.0 0.0 0.0 0.0 0.0 0.0 0.0
-4.840 0.0 0.0 0.0 0.0 0.0 0.0 0.0 0.0
-4.800 0.0 0.0 0.0 0.0 0.0 0.0 0.0 0.0
-4.760 0.0 0.0 0.0 0.0 0.0 0.0 0.0 0.0
-4.720 0.0 0.0 0.0 0.0 0.0 0.0 0.0 0.0
-4.680 0.0 0.0 0.0 0.0 0.0 0.0 0.0 0.0
-4.640 0.0 0.0 0.0 0.0 0.0 0.0 0.0 0.0
-4.600 0.0 0.0 0.0 0.0 0.0 0.0 0.0 0.0
-4.560 0.0 0.0 0.0 0.0 0.0 0.0 0.0 0.0
-4.520 0.0 0.0 0.0 0.0 0.0 0.0 0.0 0.0
-4.480 0.0 0.0 0.0 0.0 0.0 0.0 0.0 0.0
-4.440 0.0 0.0 0.0 0.0 0.0 0.0 0.0 0.0
-4.400 0.0 0.0 0.0 0.0 0.0 0.0 0.0 0.0
-4.360 0.0 0.0 0.0 0.0 0.0 0.0 0.0 0.0
-4.320 0.0 0.0 0.0 0.0 0.0 0.0 0.0 0.0
-4.280 0.0 0.0 0.0 0.0 0.0 0.0 0.0 0.0
-4.240 0.0 0.0 0.0 0.0 0.0 0.0 0.0 0.0
-4.200 0.0 0.0 0.0 0.0 0.0 0.0 0.0 0.0
-4.160 0.0 0.0 0.0 0.0 0.0 0.0 0.0 0.0
-4.120 0.0 0.0 0.0 0.0 0.0 0.0 0.0 0.0
-4.080 0.0 0.0 0.0 0.0 0.0 0.0 0.0 0.0
-4.040 0.0 0.0 0.0 0.0 0.0 0.0 0.0 0.0
-4.000 0.0 0.0 0.0 0.0 0.0 0.0 0.0 0.0
-3.960 0.0 0.0 0.0 0.0 0.0 0.0 0.0 0.0
-3.920 0.0 0.0 0.0 0.0 0.0 0.0 0.0 0.0
-3.880 0.0 0.0 0.0 0.0 0.0 0.0 0.0 0.0
-3.840 0.0 0.0 0.0 0.0 0.0 0.0 0.0 0.0
-3.800 0.0 0.0 0.0 0.0 0.0 0.0 0.0 0.0
-3.760 0.0 0.0 0.0 0.0 0.0 0.0 0.0 0.0
-3.720 0.0 0.0 0.0 0.0 0.0 0.0 0.0 0.0
-3.680 0.0 0.0 0.0 0.0 0.0 0.0 0.0 0.0
-3.640 0.0 0.0 0.0 0.0 0.0 0.0 0.0 0.0
-3.600 0.0 0.0 0.0 0.0 0.0 0.0 0.0 0.0
-3.560 0.0 0.0 0.0 0.0 0.0 0.0 0.0 0.0
-3.520 0.0 0.0 0.0 0.0 0.0 0.0 0.0 0.0
-3.480 0.0 0.0 0.0 0.0 0.0 0.0 0.0 0.0
-3.440 0.0 0.0 0.0 0.0 0.0 0.0 0.0 0.0
-3.400 0.0 0.0 0.0 0.0 0.0 0.0 0.0 0.0
-3.360 0.0 0.0 0.0 0.0 0.0 0.0 0.0 0.0
-3.320 0.0 0.0 0.0 0.0 0.0 0.0 0.0 0.0
-3.280 0.0 0.0 0.0 0.0 0.0 0.0 0.0 0.0
-3.240 0.0 0.0 0.0 0.0 0.0 0.0 0.0 0.0
-3.200 0.0 0.0 0.0 0.0 0.0 0.0 0.0 0.0
-3.160 0.0 0.0 0.0 0.0 0.0 0.0 0.0 0.0
-3.120 0.0 0.0 0.0 0.0 0.0 0.0 0.0 0.0
-3.080 0.0 0.0 0.0 0.0 0.0 0.0 0.0 0.0
-3.040 0.0 0.0 0.0 0.0 0.0 0.0 0.0 0.0
-3.000 0.0 0.0 0.0 0.0 0.0 0.0 0.0 0.0
-2.960 0.0 0.0 0.0 0.0 0.0 0.0 0.0 0.0
-2.920 0.0 0.0 0.0 0.0 0.0 0.0 0.0 0.0
-2.880 0.0 0.0 0.0 0.0 0.0 0.0 0.0 0.0
-2.840 0.0 0.0 0.0 0.0 0.0 0.0 0.0 0.0
-2.800 0.0 0.0 0.0 0.0 0.0 0.0 0.0 0.0
-2.760 0.0 0.0 0.0 0.0 0.0 0.0 0.0 0.0
-2.720 0.0 0.0 0.0 0.0 0.0 0.0 0.0 0.0
-2.680 0.0 0.0 0.0 0.0 0.0 0.0 0.0 0.0
-2.640 0.0 0.0 0.0 0.0 0.0 0.0 0.0 0.0
-2.600 0.0 0.0 0.0 0.0 0.0 0.0 0.0 0.0
-2.560 0.0 0.0 0.0 0.0 0.0 0.0 0.0 0.0
-2.520 0.0 0.0 0.0 0.0 0.0 0.0 0.0 0.0
-2.480 0.0 0.0 0.0 0.0 0.0 0.0 0.0 0.0
-2.440 0.0 0.0 0.0 0.0 0.0 0.0 0.0 0.0
-2.400 0.0 0.0 0.0 0.0 0.0 0.0 0.0 0.0
-2.360 0.0 0.0 0.0 0.0 0.0 0.0 0.0 0.0
-2.320 0.0 0.0 0.0 0.0 0.0 0.0 0.0 0.0
-2.280 0.0 0.0 0.0 0.0 0.0 0.0 0.0 0.0
-2.240 0.0 0.0 0.0 0.0 0.0 0.0 0.0 0.0
-2.200 0.0 0.0 0.0 0.0 0.0 0.0 0.0 0.0
-2.160 0.0 0.0 0.0 0.0 0.0 0.0 0.0 0.0
-2.120 0.0 0.0 0.0 0.0 0.0 0.0 0.0 0.0
-2.080 0.0 0.0 0.0 0.0 0.0 0.0 0.0 0.0
-2.040 0.0 0.0 0.0 0.0 0.0 0.0 0.0 0.0
-2.000 0.0 0.0 0.0 0.0 0.0 0.0 0.0 0.0
-1.960 0.0 0.0 0.0 0.0 0.0 0.0 0.0 0.0
-1.920 0.0 0.0 0.0 0.0 0.0 0.0 0.0 0.0
-1.880 0.0 0.0 0.0 0.0 0.0 0.0 0.0 0.0
-1.840 0.0 0.0 0.0 0.0 0.0 0.0 0.0 0.0
-1.800 0.0 0.0 0.0 0.0 0.0 0.0 0.0 0.0
-1.760 0.0 0.0 0.0 0.0 0.0 0.0 0.0 0.0
-1.720 0.0 0.0 0.0 0.0 0.0 0.0 0.0 0.0
-1.680 0.0 0.0 0.0 0.0 0.0 0.0 0.0 0.0
-1.640 0.0 0.0 0.0 0.0 0.0 0.0 0.0 0.0
-1.600 0.0 0.0 0.0 0.0 0.0 0.0 0.0 0.0
-1.560 0.0 0.0 0.0 0.0 0.0 0.0 0.0 0.0
-1.520 0.0 0.0 0.0 0.0 0.0 0.0 0.0 0.0
-1.480 0.0 0.0 0.0 0.0 0.0 0.0 0.0 0.0
-1.440 0.0 0.0 0.0 0.0 0.0 0.0 0.0 0.0
-1.400 0.0 0.0 0.0 0.0 0.0 0.0 0.0 0.0
-1.360 0.0 0.0 0.0 0.0 0.0 0.0 0.0 0.0
-1.320 0.0 0.0 0.0 0.0 0.0 0.0 0.0 0.0
-1.280 0.0 0.0 0.0 0.0 0.0 0.0 0.0 0.0
-1.240 0.0 0.0 0.0 0.0 0.0 0.0 0.0 0.0
-1.200 0.0 0.0 0.0 0.0 0.0 0.0 0.0 0.0
-1.160 0.0 0.0 0.0 0.0 0.0 0.0 0.0 0.0
-1.120 0.0 0.0 0.0 0.0 0.0 0.0 0.0 0.0
-1.080 0.0 0.0 0.0 0.0 0.0 0.0 0.0 0.0
-1.040 0.0 0.0 0.0 0.0 0.0 0.0 0.0 0.0
-1.000 0.0 0.0 0.0 0.0 0.0 0.0 0.0 0.0
-0.960 0.0 0.0 0.0 0.0 0.0 0.0 0.0 0.0
-0.920 0.0 0.0 0.0 0.0 0.0 0.0 0.0 0.0
-0.880 0.0 0.0 0.0 0.0 0.0 0.0 0.0 0.0
-0.840 0.0 0.0 0.0 0.0 0.0 0.0 0.0 0.0
-0.800 0.0 0.0 0.0 0.0 0.0 0.0 0.0 0.0
-0.760 0.0 0.0 0.0 0.0 0.0 0.0 0.0 0.0
-0.720 0.0 0.0 0.0 0.0 0.0 0.0 0.0 0.0
-0.680 0.0 0.0 0.0 0.0 0.0 0.0 0.0 0.0
-0.640 0.0 0.0 0.0 0.0 0.0 0.0 0.0 0.0
-0.600 0.0 0.0 0.0 0.0 0.0 0.0 0.0 0.0
-0.560 0.0 0.0 0.0 0.0 0.0 0.0 0.0 0.0
-0.520 0.0 0.0 0.0 0.0 0.0 0.0 0.0 0.0
-0.480 0.0 0.0 0.0 0.0 0.0 0.0 0.0 0.0
-0.440 0.0 0.0 0.0 0.0 0.0 0.0 0.0 0.0
-0.400 0.0 0.0 0.0 0.0 0.0 0.0 0.0 0.0
-0.360 0.0 0.0 0.0 0.0 0.0 0.0 0.0 0.0
-0.320 0.0 0.0 0.0 0.0 0.0 0.0 0.0 0.0
-0.280 0.0 0.0 0.0 0.0 0.0 0.0 0.0 0.0
-0.240 0.0 0.0 0.0 0.0 0.0 0.0 0.0 0.0
-0.200 0.0 0.0 0.0 0.0 0.0 0.0 0.0 0.0
-0.160 0.0 0.0 0.0 0.0 0.0 0.0 0.0 0.0
-0.120 0.0 0.0 0.0 0.0 0.0 0.0 0.0 0.0
-0.080 0.0 0.0 0.0 0.0 0.0 0.0 0.0 0.0
-0.040 0.0 0.0 0.0 0.0 0.0 0.0 0.0 0.0
0.000 0.0 0.0 0.0 0.0 0.0 0.0 0.0 0.0
0.040 0.0 0.0 0.0 0.0 0.0 0.0 0.0 0.0
0.080 0.0 0.0 0.0 0.0 0.0 0.0 0.0 0.0
0.120 0.0 0.0 0.0 0.0 0.0 0.0 0.0 0.0
0.160 0.0 0.0 0.0 0.0 0.0 0.0 0.0 0.0
0.200 0.0 0.0 0.0 0.0 0.0 0.0 0.0 0.0
0.240 0.0 0.0 0.0 0.0 0.0 0.0 0.0 0.0
0.280 0.0 0.0 0.0 0.0 0.0 0.0 0.0 0.0
0.320 0.0 0.0 0.0 0.0 0.0 0.0 0.0 0.0
0.360 0.0 0.0 0.0 0.0 0.0 0.0 0.0 0.0
0.400 0.0 0.0 0.0 0.0 0.0 0.0 0.0 0.0
0.440 0.0 0.0 0.0 0.0 0.0 0.0 0.0 0.0
0.480 0.0 0.0 0.0 0.0 0.0 0.0 0.0 0.0
0.520 0.0 0.0 0.0 0.0 0.0 0.0 0.0 0.0
0.560 0.0 0.0 0.0 0.0 0.0 0.0 0.0 0.0
0.600 0.0 0.0 0.0 0.0 0.0 0.0 0.0 0.0
0.640 0.0 0.0 0.0 0.0 0.0 0.0 0.0 0.0
0.680 0.0 0.0 0.0 0.0 0.0 0.0 0.0 0.0
0.720 0.0 0.0 0.0 0.0 0.0 0.0 0.0 0.0
0.760 0.0 0.0 0.0 0.0 0.0 0.0 0.0 0.0
0.800 0.0 0.0 0.0 0.0 0.0 0.0 0.0 0.0
0.840 0.0 0.0 0.0 0.0 0.0 0.0 0.0 0.0
0.880 0.0 0.0 0.0 0.0 0.0 0.0 0.0 0.0
0.920 0.0 0.0 0.0 0.0 0.0 0.0 0.0 0.0
0.960 0.0 0.0 0.0 0.0 0.0 0.0 0.0 0.0
1.000 0.0 0.0 0.0 0.0 0.0 0.0 0.0 0.0
1.040 0.0 0.0 0.0 0.0 0.0 0.0 0.0 0.0
1.080 0.0 0.0 0.0 0.0 0.0 0.0 0.0 0.0
1.120 0.00084394 0.0 7.6043e-05 0.0 0.0019499 0.0 9.3208e-05 0.0
1.160 0.022586 0.018605 0.00251632 0.00191968 0.052796 0.04319 0.0029909 0.00212637
1.200 0.036015 0.031348 0.0049676 0.0041041 0.085888 0.074154 0.0057953 0.0044412
1.240 0.044999 0.041396 0.0076481 0.0068062 0.11116 0.10142 0.0088282 0.0072629
1.280 0.059639 0.055168 0.0119361 0.0109032 0.1775 0.16621 0.01417 0.011993
1.320 0.09502 0.08516 0.026149 0.023918 0.41864 0.38587 0.029984 0.024915
1.360 0.10291 0.103 0.036616 0.037384 0.52427 0.52427 0.038913 0.036143
1.400 0.08366 0.08399 0.03603 0.037384 0.47358 0.47719 0.036693 0.034304
1.440 0.10356 0.09087 0.04774 0.044811 0.56443 0.52759 0.04868 0.041221
1.480 0.13884 0.13116 0.067026 0.066487 0.72616 0.71147 0.068812 0.061602
1.520 0.08826 0.09491 0.050974 0.055554 0.50047 0.53275 0.049034 0.049553
1.560 0.08095 0.077152 0.056614 0.056447 0.51396 0.50941 0.050467 0.046246
1.600 0.14683 0.13534 0.10229 0.10012 0.8415 0.8156 0.08861 0.078768
1.640 0.14582 0.1439 0.1222 0.12516 0.9697 0.9704 0.10349 0.09675
1.680 0.11226 0.10822 0.11541 0.11756 0.9379 0.9463 0.09311 0.08693
1.720 0.15225 0.15134 0.15566 0.1575 1.1977 1.2175 0.12402 0.11741
1.760 0.15257 0.15966 0.18365 0.19777 1.3255 1.3771 0.13768 0.13413
1.800 0.11923 0.11802 0.17637 0.18153 1.2588 1.2469 0.12408 0.11633
1.840 0.118914 0.11258 0.22215 0.22087 1.3763 1.3467 0.13625 0.12476
1.880 0.1365 0.12751 0.28587 0.28018 1.5687 1.4995 0.16628 0.14855
1.920 0.12697 0.12302 0.28307 0.28056 1.5092 1.4494 0.16942 0.15346
1.960 0.12986 0.13625 0.31273 0.32148 1.523 1.5193 0.1875 0.17806
2.000 0.13557 0.13048 0.35244 0.3484 1.5849 1.5342 0.21274 0.19338
2.040 0.17698 0.18137 0.43228 0.43689 1.7465 1.7534 0.27955 0.26616
2.080 0.1186 0.12142 0.29936 0.31206 1.1337 1.1354 0.19798 0.18753
2.120 0.15469 0.15067 0.38236 0.37519 1.5048 1.4361 0.28491 0.25766
2.160 0.115503 0.116897 0.30467 0.30919 1.0886 1.0746 0.22829 0.2128
2.200 0.129399 0.123039 0.35237 0.33895 1.2601 1.1874 0.28556 0.25335
2.240 0.11228 0.112774 0.30598 0.31629 1.0501 1.0477 0.26573 0.24708
2.280 0.089918 0.090565 0.24546 0.24723 0.75023 0.75103 0.21385 0.20239
2.320 0.10893 0.087426 0.32665 0.25853 0.8714 0.68252 0.25451 0.18967
2.360 0.132419 0.12506 0.48814 0.45666 1.1611 1.076 0.33826 0.28821
2.400 0.091691 0.085819 0.43786 0.41648 0.98581 0.92187 0.293 0.2491
2.440 0.087982 0.089544 0.39054 0.41621 0.85858 0.86826 0.28087 0.2558
2.480 0.086057 0.078192 0.44687 0.40104 0.95736 0.85713 0.31632 0.25963
2.520 0.08505 0.09007 0.49677 0.53212 1.02577 1.04034 0.35674 0.3236
2.560 0.07072 0.07622 0.33036 0.40839 0.68603 0.80577 0.29911 0.30376
2.600 0.083688 0.08398 0.35142 0.36418 0.73925 0.74216 0.34264 0.31452
2.640 0.09037 0.08783 0.40256 0.41588 0.80727 0.80045 0.40342 0.35699
2.680 0.09508 0.08723 0.36671 0.36495 0.76159 0.72288 0.42863 0.36401
2.720 0.09944 0.09896 0.36468 0.38502 0.7481 0.7574 0.46082 0.4116
2.760 0.11169 0.0964 0.38572 0.36573 0.74805 0.66522 0.51412 0.40508
2.800 0.09896 0.09993 0.37813 0.39115 0.6943 0.68759 0.50179 0.45017
2.840 0.10224 0.11288 0.37924 0.44405 0.6726 0.74094 0.52987 0.52075
2.880 0.09375 0.09248 0.35621 0.37321 0.5864 0.59786 0.49795 0.45193
2.920 0.09066 0.08808 0.35814 0.37038 0.54646 0.53377 0.50899 0.44217
2.960 0.087995 0.08622 0.35308 0.36235 0.52372 0.51115 0.51787 0.44944
3.000 0.087478 0.081434 0.36418 0.34891 0.48357 0.45939 0.53172 0.44164
3.040 0.083711 0.074851 0.38267 0.34359 0.48853 0.41493 0.55378 0.42073
3.080 0.08815 0.089485 0.47641 0.47642 0.61706 0.61394 0.65389 0.5758
3.120 0.099915 0.079238 0.61148 0.47383 0.70224 0.51926 0.83028 0.53209
3.160 0.056575 0.061499 0.44096 0.52677 0.48823 0.54785 0.60889 0.59654
3.200 0.061612 0.071173 0.47782 0.55364 0.47953 0.53279 0.65577 0.64394
3.240 0.02518 0.030574 0.21346 0.25637 0.19461 0.22128 0.31786 0.30211
3.280 0.039824 0.03378 0.68941 0.53887 0.58175 0.46161 0.9974 0.67713
3.320 0.044211 0.035122 0.9401 0.75445 0.69315 0.53994 1.333 0.8607
3.360 0.020626 0.028929 0.48278 0.78816 0.32084 0.49202 0.73631 0.9172
3.400 0.031663 0.041848 0.63549 0.9973 0.41959 0.62938 1.058 1.2978
3.440 0.028721 0.030984 0.56785 0.62778 0.39421 0.38633 1.0155 0.8997
3.480 0.037981 0.029676 0.8768 0.70355 0.59413 0.46574 1.5776 1.0489
3.520 0.029573 0.033818 0.75181 0.9034 0.46714 0.54799 1.4463 1.4017
3.560 0.039274 0.035409 1.0682 1.001 0.55175 0.54297 1.9122 1.6089
3.600 0.030259 0.027925 0.66089 0.69442 0.32627 0.32062 1.2165 1.0761
3.640 0.038018 0.038034 0.70765 0.792 0.39059 0.3903 1.3488 1.1847
3.680 0.036871 0.026003 0.71987 0.56424 0.34955 0.27788 1.3818 0.90585
3.720 0.024756 0.025596 0.59485 0.7033 0.26556 0.28949 1.1292 1.0742
3.760 0.035241 0.024748 0.6669 0.55181 0.31598 0.24297 1.2287 0.8117
3.800 0.026025 0.026617 0.63594 0.61417 0.29466 0.27159 1.1915 0.9049
3.840 0.026121 0.036508 0.79995 0.9743 0.37675 0.41539 1.5045 1.5035
3.880 0.022523 0.020262 0.74408 0.73156 0.29435 0.28684 1.5074 1.1429
3.920 0.019748 0.019405 0.68854 0.81732 0.22656 0.24842 1.4263 1.3619
3.960 0.025462 0.031846 0.72173 0.9904 0.25755 0.30641 1.4967 1.6418
4.000 0.015156 0.017515 0.59426 0.62391 0.17208 0.18319 1.3886 1.1241
4.040 0.017577 0.019421 0.54335 0.87107 0.17646 0.24127 1.2727 1.6231
4.080 0.024033 0.015728 0.62303 0.55429 0.18448 0.15591 1.461 0.9952
4.120 0.0087935 0.0099394 0.35704 0.4655 0.076319 0.100567 0.78784 0.79656
4.160 0.0 0.000159304 0.0 0.0099558 0.0 0.00173733 0.0 0.017322
4.200 0.0 0.0 0.0 0.0 0.0 0.0 0.0 0.0
4.240 0.0 0.0 0.0 0.0 0.0 0.0 0.0 0.0
4.280 0.0 0.0 0.0 0.0 0.0 0.0 0.0 0.0
4.320 0.0 0.0 0.0 0.0 0.0 0.0 0.0 0.0
4.360 0.0 0.0 0.0 0.0 0.0 0.0 0.0 0.0
4.400 0.0 0.0 0.0 0.0 0.0 0.0 0.0 0.0
4.440 0.0 0.0 0.0 0.0 0.0 0.0 0.0 0.0
4.480 0.0 0.0 0.0 0.0 0.0 0.0 0.0 0.0
4.520 0.0 0.0 0.0 0.0 0.0 0.0 0.0 0.0
4.560 0.0 0.0 0.0 0.0 0.0 0.0 0.0 0.0
4.600 0.0 0.0 0.0 0.0 0.0 0.0 0.0 0.0
4.640 0.0 0.0 0.0 0.0 0.0 0.0 0.0 0.0
4.680 0.0 0.0 0.0 0.0 0.0 0.0 0.0 0.0
4.720 0.0 0.0 0.0 0.0 0.0 0.0 0.0 0.0
4.760 0.0 0.0 0.0 0.0 0.0 0.0 0.0 0.0
4.800 0.0 0.0 0.0 0.0 0.0 0.0 0.0 0.0
4.840 0.0 0.0 0.0 0.0 0.0 0.0 0.0 0.0
4.880 0.0 0.0 0.0 0.0 0.0 0.0 0.0 0.0
4.920 0.0 0.0 0.0 0.0 0.0 0.0 0.0 0.0
4.960 0.0 0.0 0.0 0.0 0.0 0.0 0.0 0.0
5.000 0.0 0.0 0.0 0.0 0.0 0.0 0.0 0.0
5.040 0.0 0.0 0.0 0.0 0.0 0.0 0.0 0.0
5.080 0.0 0.0 0.0 0.0 0.0 0.0 0.0 0.0
5.120 0.0 0.0 0.0 0.0 0.0 0.0 0.0 0.0
5.160 0.0 0.0 0.0 0.0 0.0 0.0 0.0 0.0
5.200 0.0 0.0 0.0 0.0 0.0 0.0 0.0 0.0
5.240 0.0 0.0 0.0 0.0 0.0 0.0 0.0 0.0
5.280 0.0 0.0 0.0 0.0 0.0 0.0 0.0 0.0
5.320 0.0 0.0 0.0 0.0 0.0 0.0 0.0 0.0
5.360 0.0 0.0 0.0 0.0 0.0 0.0 0.0 0.0
5.400 0.0 0.0 0.0 0.0 0.0 0.0 0.0 0.0
5.440 0.0 0.0 0.0 0.0 0.0 0.0 0.0 0.0
5.480 0.0 0.0 0.0 0.0 0.0 0.0 0.0 0.0
5.520 0.0 0.0 0.0 0.0 0.0 0.0 0.0 0.0
5.560 0.0 0.0 0.0 0.0 0.0 0.0 0.0 0.0
5.600 0.0 0.0 0.0 0.0 0.0 0.0 0.0 0.0
5.640 0.0 0.0 0.0 0.0 0.0 0.0 0.0 0.0
5.680 0.0 0.0 0.0 0.0 0.0 0.0 0.0 0.0
5.720 0.0 0.0 0.0 0.0 0.0 0.0 0.0 0.0
5.760 0.0 0.0 0.0 0.0 0.0 0.0 0.0 0.0
5.800 0.0 0.0 0.0 0.0 0.0 0.0 0.0 0.0
5.840 0.0 0.0 0.0 0.0 0.0 0.0 0.0 0.0
5.880 0.0 0.0 0.0 0.0 0.0 0.0 0.0 0.0
5.920 0.0 0.0 0.0 0.0 0.0 0.0 0.0 0.0
5.960 0.0 0.0 0.0 0.0 0.0 0.0 0.0 0.0
6.000 0.0 0.0 0.0 0.0 0.0 0.0 0.0 0.0
6.040 0.0 0.0 0.0 0.0 0.0 0.0 0.0 0.0
6.080 0.0 0.0 0.0 0.0 0.0 0.0 0.0 0.0
6.120 0.0 0.0 0.0 0.0 0.0 0.0 0.0 0.0
6.160 0.0 0.0 0.0 0.0 0.0 0.0 0.0 0.0
6.200 0.0 0.0 0.0 0.0 0.0 0.0 0.0 0.0
6.240 0.0 0.0 0.0 0.0 0.0 0.0 0.0 0.0
6.280 0.0 0.0 0.0 0.0 0.0 0.0 0.0 0.0
6.320 0.0 0.0 0.0 0.0 0.0 0.0 0.0 0.0
6.360 0.0 0.0 0.0 0.0 0.0 0.0 0.0 0.0
6.400 0.0 0.0 0.0 0.0 0.0 0.0 0.0 0.0
6.440 0.0 0.0 0.0 0.0 0.0 0.0 0.0 0.0
6.480 0.0 0.0 0.0 0.0 0.0 0.0 0.0 0.0
6.520 0.0 0.0 0.0 0.0 0.0 0.0 0.0 0.0
6.560 0.0 0.0 0.0 0.0 0.0 0.0 0.0 0.0
6.600 0.0 0.0 0.0 0.0 0.0 0.0 0.0 0.0
6.640 0.0 0.0 0.0 0.0 0.0 0.0 0.0 0.0
6.680 0.0 0.0 0.0 0.0 0.0 0.0 0.0 0.0
6.720 0.0 0.0 0.0 0.0 0.0 0.0 0.0 0.0
6.760 0.0 0.0 0.0 0.0 0.0 0.0 0.0 0.0
6.800 0.0 0.0 0.0 0.0 0.0 0.0 0.0 0.0
6.840 0.0 0.0 0.0 0.0 0.0 0.0 0.0 0.0
6.880 0.0 0.0 0.0 0.0 0.0 0.0 0.0 0.0
6.920 0.026607 0.0 0.015396 0.0 0.18551 0.0 12.615 0.0
6.960 0.00077079 0.0 0.00022029 0.0 0.0043617 0.0 0.2933 0.0
7.000 0.026714 0.0 0.033845 0.0 0.41345 0.0 28.816 0.0
7.040 0.0203117 0.0 0.069618 0.0 0.34409 0.0 47.516 0.0
7.080 0.011544 0.0 0.03208 0.0 0.22616 0.0 32.033 0.0
7.120 0.0072492 0.0 0.030772 0.0 0.26104 0.0 51.492 0.0
7.160 0.0037169 0.0 0.021409 0.0 0.1637 0.0 27.734 0.0
7.200 0.0048877 0.0 0.038263 0.0 0.30125 0.0 58.123 0.0
7.240 0.0048062 0.0 0.036857 0.0 0.3426 0.0 72.491 0.0
7.280 0.009731 0.0 0.042727 0.0 0.4258 0.0 90.2 0.0
7.320 0.011479 0.0 0.042099 0.0 0.34692 0.0 72.858 0.0
7.360 0.014029 0.0 0.053943 0.0 0.34528 0.0 62.669 0.0
7.400 0.024107 0.017031 0.066113 0.029555 0.43134 0.30539 77.21 37.715
7.440 0.018592 0.018165 0.040609 0.053247 0.27569 0.72431 44.712 46.036
7.480 0.0 0.020857 0.0 0.07439 0.0 0.66638 0.0 54.71
7.520 0.0 0.018088 0.0 0.059959 0.0 0.62428 0.0 85.05
7.560 0.0 0.0085538 0.0 0.044947 0.0 0.62813 0.0 96.07
7.600 0.0 0.0043404 0.0 0.017177 0.0 0.21371 0.0 40.271
7.640 0.0 0.0091698 0.0 0.040156 0.0 0.43231 0.0 100.777
7.680 0.0 0.0104861 0.0 0.041682 0.0 0.32062 0.0 76.682
7.720 0.0 0.016435 0.0 0.065632 0.0 0.49027 0.0 108.98
7.760 0.0 0.0079509 0.0 0.035736 0.0 0.22874 0.0 46.247
7.800 0.0 0.012838 0.0 0.039418 0.0 0.23016 0.0 42.182
7.840 0.0 0.0 0.0 0.0 0.0 0.0 0.0 0.0
7.880 0.0 0.0 0.0 0.0 0.0 0.0 0.0 0.0
7.920 0.0 0.0 0.0 0.0 0.0 0.0 0.0 0.0
7.960 0.0 0.0 0.0 0.0 0.0 0.0 0.0 0.0
8.000 0.0 0.0 0.0 0.0 0.0 0.0 0.0 0.0
8.040 0.0 0.0 0.0 0.0 0.0 0.0 0.0 0.0
8.080 0.0 0.0 0.0 0.0 0.0 0.0 0.0 0.0
8.120 0.0 0.0 0.0 0.0 0.0 0.0 0.0 0.0
8.160 0.0 0.0 0.0 0.0 0.0 0.0 0.0 0.0
8.200 0.0 0.0 0.0 0.0 0.0 0.0 0.0 0.0
8.240 0.0 0.0 0.0 0.0 0.0 0.0 0.0 0.0
8.280 0.0 0.0 0.0 0.0 0.0 0.0 0.0 0.0
8.320 0.0 0.0 0.0 0.0 0.0 0.0 0.0 0.0
8.360 0.0 0.0 0.0 0.0 0.0 0.0 0.0 0.0
8.400 0.0 0.0 0.0 0.0 0.0 0.0 0.0 0.0
8.440 0.0 0.0 0.0 0.0 0.0 0.0 0.0 0.0
8.480 0.0 0.0 0.0 0.0 0.0 0.0 0.0 0.0
8.520 0.0 0.0 0.0 0.0 0.0 0.0 0.0 0.0
8.560 0.0 0.0 0.0 0.0 0.0 0.0 0.0 0.0
8.600 0.0 0.0 0.0 0.0 0.0 0.0 0.0 0.0
8.640 0.0 0.0 0.0 0.0 0.0 0.0 0.0 0.0
8.680 0.0 0.0 0.0 0.0 0.0 0.0 0.0 0.0
8.720 0.0 0.0 0.0 0.0 0.0 0.0 0.0 0.0
8.760 0.0 0.0 0.0 0.0 0.0 0.0 0.0 0.0
8.800 0.0 0.0 0.0 0.0 0.0 0.0 0.0 0.0
8.840 0.0 0.0 0.0 0.0 0.0 0.0 0.0 0.0
8.880 0.0 0.0 0.0 0.0 0.0 0.0 0.0 0.0
8.920 0.0 0.0 0.0 0.0 0.0 0.0 0.0 0.0
8.960 0.0 0.0 0.0 0.0 0.0 0.0 0.0 0.0
9.000 0.0 0.0 0.0 0.0 0.0 0.0 0.0 0.0
9.040 0.0 0.0 0.0 0.0 0.0 0.0 0.0 0.0
9.080 0.0 0.0 0.0 0.0 0.0 0.0 0.0 0.0
9.120 0.0 0.0 0.0 0.0 0.0 0.0 0.0 0.0
9.160 0.0 0.0 0.0 0.0 0.0 0.0 0.0 0.0
9.200 0.0 0.0 0.0 0.0 0.0 0.0 0.0 0.0
9.240 0.0 0.0 0.0 0.0 0.0 0.0 0.0 0.0
9.280 0.0 0.0 0.0 0.0 0.0 0.0 0.0 0.0
9.320 0.0 0.0 0.0 0.0 0.0 0.0 0.0 0.0
9.360 0.0 0.0 0.0 0.0 0.0 0.0 0.0 0.0
9.400 0.0 0.0 0.0 0.0 0.0 0.0 0.0 0.0
9.440 0.0 0.0 0.0 0.0 0.0 0.0 0.0 0.0
9.480 0.0 0.0 0.0 0.0 0.0 0.0 0.0 0.0
9.520 0.0 0.0 0.0 0.0 0.0 0.0 0.0 0.0
9.560 0.0 0.0 0.0 0.0 0.0 0.0 0.0 0.0
9.600 0.0 0.0 0.0 0.0 0.0 0.0 0.0 0.0
9.640 0.0 0.0 0.0 0.0 0.0 0.0 0.0 0.0
9.680 0.0 0.0 0.0 0.0 0.0 0.0 0.0 0.0
9.720 0.0 0.0 0.0 0.0 0.0 0.0 0.0 0.0
9.760 0.0 0.0 0.0 0.0 0.0 0.0 0.0 0.0
9.800 0.0 0.0 0.0 0.0 0.0 0.0 0.0 0.0
9.840 0.0 0.0 0.0 0.0 0.0 0.0 0.0 0.0
9.880 0.0 0.0 0.0 0.0 0.0 0.0 0.0 0.0
9.920 0.0 0.0 0.0 0.0 0.0 0.0 0.0 0.0
9.960 0.0 0.0 0.0 0.0 0.0 0.0 0.0 0.0
10.000 0.0 0.0 0.0 0.0 0.0 0.0 0.0 0.0
10.040 0.0 0.0 0.0 0.0 0.0 0.0 0.0 0.0
10.080 0.0 0.0 0.0 0.0 0.0 0.0 0.0 0.0
10.120 0.0 0.0 0.0 0.0 0.0 0.0 0.0 0.0
10.160 0.0 0.0 0.0 0.0 0.0 0.0 0.0 0.0
10.200 0.0 0.0 0.0 0.0 0.0 0.0 0.0 0.0
10.240 0.0 0.0 0.0 0.0 0.0 0.0 0.0 0.0
10.280 0.0 0.0 0.0 0.0 0.0 0.0 0.0 0.0
10.320 0.0 0.0 0.0 0.0 0.0 0.0 0.0 0.0
10.360 0.0 0.0 0.0 0.0 0.0 0.0 0.0 0.0
10.400 0.0 0.0 0.0 0.0 0.0 0.0 0.0 0.0
10.440 0.0 0.0 0.0 0.0 0.0 0.0 0.0 0.0
10.480 0.0 0.0 0.0 0.0 0.0 0.0 0.0 0.0
10.520 0.0 0.0 0.0 0.0 0.0 0.0 0.0 0.0
10.560 0.0 0.0 0.0 0.0 0.0 0.0 0.0 0.0
10.600 0.0 0.0 0.0 0.0 0.0 0.0 0.0 0.0
10.640 0.0 0.0 0.0 0.0 0.0 0.0 0.0 0.0
10.680 0.0 0.0 0.0 0.0 0.0 0.0 0.0 0.0
10.720 0.0 0.0 0.0 0.0 0.0 0.0 0.0 0.0
10.760 0.0 0.0 0.0 0.0 0.0 0.0 0.0 0.0
10.800 0.0 0.0 0.0 0.0 0.0 0.0 0.0 0.0
10.840 0.0 0.0 0.0 0.0 0.0 0.0 0.0 0.0
10.880 0.0 0.0 0.0 0.0 0.0 0.0 0.0 0.0
10.920 0.0 0.0 0.0 0.0 0.0 0.0 0.0 0.0
10.960 0.0 0.0 0.0 0.0 0.0 0.0 0.0 0.0
11.000 0.0 0.0 0.0 0.0 0.0 0.0 0.0 0.0
11.040 0.0 0.0 0.0 0.0 0.0 0.0 0.0 0.0
11.080 0.0 0.0 0.0 0.0 0.0 0.0 0.0 0.0
11.120 0.0 0.0 0.0 0.0 0.0 0.0 0.0 0.0
11.160 0.0 0.0 0.0 0.0 0.0 0.0 0.0 0.0
11.200 0.0 0.0 0.0 0.0 0.0 0.0 0.0 0.0
11.240 0.0 0.0 0.0 0.0 0.0 0.0 0.0 0.0
11.280 0.0 0.0 0.0 0.0 0.0 0.0 0.0 0.0
11.320 0.0 0.0 0.0 0.0 0.0 0.0 0.0 0.0
11.360 0.0 0.0 0.0 0.0 0.0 0.0 0.0 0.0
11.400 0.0 0.0 0.0 0.0 0.0 0.0 0.0 0.0
11.440 0.0 0.0 0.0 0.0 0.0 0.0 0.0 0.0
11.480 0.0 0.0 0.0 0.0 0.0 0.0 0.0 0.0
11.520 0.0 0.0 0.0 0.0 0.0 0.0 0.0 0.0
11.560 0.0 0.0 0.0 0.0 0.0 0.0 0.0 0.0
11.600 0.0 0.0 0.0 0.0 0.0 0.0 0.0 0.0
11.640 0.0 0.0 0.0 0.0 0.0 0.0 0.0 0.0
11.680 0.0 0.0 0.0 0.0 0.0 0.0 0.0 0.0
11.720 0.0 0.0 0.0 0.0 0.0 0.0 0.0 0.0
11.760 0.0 0.0 0.0 0.0 0.0 0.0 0.0 0.0
11.800 0.0 0.0 0.0 0.0 0.0 0.0 0.0 0.0
11.840 0.0 0.0 0.0 0.0 0.0 0.0 0.0 0.0
11.880 0.0 0.0 0.0 0.0 0.0 0.0 0.0 0.0
11.920 0.0 0.0 0.0 0.0 0.0 0.0 0.0 0.0
11.960 0.0 0.0 0.0 0.0 0.0 0.0 0.0 0.0
12.000 0.0 0.0 0.0 0.0 0.0 0.0 0.0 0.0
12.040 0.0 0.0 0.0 0.0 0.0 0.0 0.0 0.0
12.080 0.0 0.0 0.0 0.0 0.0 0.0 0.0 0.0
12.120 0.0 0.0 0.0 0.0 0.0 0.0 0.0 0.0
12.160 0.0 0.0 0.0 0.0 0.0 0.0 0.0 0.0
12.200 0.0 0.0 0.0 0.0 0.0 0.0 0.0 0.0
12.240 0.0 0.0 0.0 0.0 0.0 0.0 0.0 0.0
12.280 0.0 0.0 0.0 0.0 0.0 0.0 0.0 0.0
12.320 0.0 0.0 0.0 0.0 0.0 0.0 0.0 0.0
12.360 0.0 0.0 0.0 0.0 0.0 0.0 0.0 0.0
12.400 0.0 0.0 0.0 0.0 0.0 0.0 0.0 0.0
12.440 0.0 0.0 0.0 0.0 0.0 0.0 0.0 0.0
12.480 0.0 0.0 0.0 0.0 0.0 0.0 0.0 0.0
12.520 0.0 0.0 0.0 0.0 0.0 0.0 0.0 0.0
12.560 0.0 0.0 0.0 0.0 0.0 0.0 0.0 0.0
12.600 0.0 0.0 0.0 0.0 0.0 0.0 0.0 0.0
12.640 0.0 0.0 0.0 0.0 0.0 0.0 0.0 0.0
12.680 0.0 0.0 0.0 0.0 0.0 0.0 0.0 0.0
12.720 0.0 0.0 0.0 0.0 0.0 0.0 0.0 0.0
12.760 0.0 0.0 0.0 0.0 0.0 0.0 0.0 0.0
12.800 0.0 0.0 0.0 0.0 0.0 0.0 0.0 0.0
12.840 0.0 0.0 0.0 0.0 0.0 0.0 0.0 0.0
12.880 0.0 0.0 0.0 0.0 0.0 0.0 0.0 0.0
12.920 0.0 0.0 0.0 0.0 0.0 0.0 0.0 0.0
12.960 0.0 0.0 0.0 0.0 0.0 0.0 0.0 0.0
13.000 0.0 0.0 0.0 0.0 0.0 0.0 0.0 0.0
13.040 0.0 0.0 0.0 0.0 0.0 0.0 0.0 0.0
13.080 0.0 0.0 0.0 0.0 0.0 0.0 0.0 0.0
13.120 0.0 0.0 0.0 0.0 0.0 0.0 0.0 0.0
13.160 0.0 0.0 0.0 0.0 0.0 0.0 0.0 0.0
13.200 0.0 0.0 0.0 0.0 0.0 0.0 0.0 0.0
13.240 0.0 0.0 0.0 0.0 0.0 0.0 0.0 0.0
13.280 0.0 0.0 0.0 0.0 0.0 0.0 0.0 0.0
13.320 0.0 0.0 0.0 0.0 0.0 0.0 0.0 0.0
13.360 0.0 0.0 0.0 0.0 0.0 0.0 0.0 0.0
13.400 0.0 0.0 0.0 0.0 0.0 0.0 0.0 0.0
13.440 0.0 0.0 0.0 0.0 0.0 0.0 0.0 0.0
13.480 0.0 0.0 0.0 0.0 0.0 0.0 0.0 0.0
13.520 0.0 0.0 0.0 0.0 0.0 0.0 0.0 0.0
13.560 0.0 0.0 0.0 0.0 0.0 0.0 0.0 0.0
13.600 0.0 0.0 0.0 0.0 0.0 0.0 0.0 0.0
13.640 0.0 0.0 0.0 0.0 0.0 0.0 0.0 0.0
13.680 0.0 0.0 0.0 0.0 0.0 0.0 0.0 0.0
13.720 0.0 0.0 0.0 0.0 0.0 0.0 0.0 0.0
13.760 0.0 0.0 0.0 0.0 0.0 0.0 0.0 0.0
13.800 0.0 0.0 0.0 0.0 0.0 0.0 0.0 0.0
13.840 0.0 0.0 0.0 0.0 0.0 0.0 0.0 0.0
13.880 0.0 0.0 0.0 0.0 0.0 0.0 0.0 0.0
13.920 0.0 0.0 0.0 0.0 0.0 0.0 0.0 0.0
13.960 0.0 0.0 0.0 0.0 0.0 0.0 0.0 0.0
14.000 0.0 0.0 0.0 0.0 0.0 0.0 0.0 0.0
14.040 0.0 0.0 0.0 0.0 0.0 0.0 0.0 0.0
14.080 0.0 0.0 0.0 0.0 0.0 0.0 0.0 0.0
14.120 0.0 0.0 0.0 0.0 0.0 0.0 0.0 0.0
14.160 0.0 0.0 0.0 0.0 0.0 0.0 0.0 0.0
14.200 0.0 0.0 0.0 0.0 0.0 0.0 0.0 0.0
14.240 0.0 0.0 0.0 0.0 0.0 0.0 0.0 0.0
14.280 0.0 0.0 0.0 0.0 0.0 0.0 0.0 0.0
14.320 0.0 0.0 0.0 0.0 0.0 0.0 0.0 0.0
14.360 0.0 0.0 0.0 0.0 0.0 0.0 0.0 0.0
14.400 0.0 0.0 0.0 0.0 0.0 0.0 0.0 0.0
14.440 0.0 0.0 0.0 0.0 0.0 0.0 0.0 0.0
14.480 0.0 0.0 0.0 0.0 0.0 0.0 0.0 0.0
14.520 0.0 0.0 0.0 0.0 0.0 0.0 0.0 0.0
14.560 0.0 0.0 0.0 0.0 0.0 0.0 0.0 0.0
14.600 0.0 0.0 0.0 0.0 0.0 0.0 0.0 0.0
14.640 0.0 0.0 0.0 0.0 0.0 0.0 0.0 0.0
14.680 0.0 0.0 0.0 0.0 0.0 0.0 0.0 0.0
14.720 0.0 0.0 0.0 0.0 0.0 0.0 0.0 0.0
14.760 0.0 0.0 0.0 0.0 0.0 0.0 0.0 0.0
14.800 0.0 0.0 0.0 0.0 0.0 0.0 0.0 0.0
14.840 0.0 0.0 0.0 0.0 0.0 0.0 0.0 0.0
14.880 0.0 0.0 0.0 0.0 0.0 0.0 0.0 0.0
14.920 0.0 0.0 0.0 0.0 0.0 0.0 0.0 0.0
14.960 0.0 0.0 0.0 0.0 0.0 0.0 0.0 0.0
15.000 0.0 0.0 0.0 0.0 0.0 0.0 0.0 0.0
15.040 0.0 0.0 0.0 0.0 0.0 0.0 0.0 0.0
15.080 0.0 0.0 0.0 0.0 0.0 0.0 0.0 0.0
15.120 0.0 0.0 0.0 0.0 0.0 0.0 0.0 0.0
15.160 0.0 0.0 0.0 0.0 0.0 0.0 0.0 0.0
15.200 0.0 0.0 0.0 0.0 0.0 0.0 0.0 0.0
15.240 0.0 0.0 0.0 0.0 0.0 0.0 0.0 0.0
15.280 0.0 0.0 0.0 0.0 0.0 0.0 0.0 0.0
15.320 0.0 0.0 0.0 0.0 0.0 0.0 0.0 0.0
15.360 0.0 0.0 0.0 0.0 0.0 0.0 0.0 0.0
15.400 0.0 0.0 0.0 0.0 0.0 0.0 0.0 0.0
15.440 0.0 0.0 0.0 0.0 0.0 0.0 0.0 0.0
15.480 0.0 0.0 0.0 0.0 0.0 0.0 0.0 0.0
15.520 0.0 0.0 0.0 0.0 0.0 0.0 0.0 0.0
15.560 0.0 0.0 0.0 0.0 0.0 0.0 0.0 0.0
15.600 0.0 0.0 0.0 0.0 0.0 0.0 0.0 0.0
15.640 0.0 0.0 0.0 0.0 0.0 0.0 0.0 0.0
15.680 0.0 0.0 0.0 0.0 0.0 0.0 0.0 0.0
15.720 0.0 0.0 0.0 0.0 0.0 0.0 0.0 0.0
15.760 0.0 0.0 0.0 0.0 0.0 0.0 0.0 0.0
15.800 0.0 0.0 0.0 0.0 0.0 0.0 0.0 0.0
15.840 0.0 0.0 0.0 0.0 0.0 0.0 0.0 0.0
15.880 0.0 0.0 0.0 0.0 0.0 0.0 0.0 0.0
15.920 0.0 0.0 0.0 0.0 0.0 0.0 0.0 0.0
15.960 0.0 0.0 0.0 0.0 0.0 0.0 0.0 0.0
16.000 0.0 0.0 0.0 0.0 0.0 0.0 0.0 0.0
16.040 0.0 0.0 0.0 0.0 0.0 0.0 0.0 0.0
16.080 0.0 0.0 0.0 0.0 0.0 0.0 0.0 0.0
16.120 0.0 0.0 0.0 0.0 0.0 0.0 0.0 0.0
16.160 0.0 0.0 0.0 0.0 0.0 0.0 0.0 0.0
16.200 0.0 0.0 0.0 0.0 0.0 0.0 0.0 0.0
16.240 0.0 0.0 0.0 0.0 0.0 0.0 0.0 0.0
16.280 0.0 0.0 0.0 0.0 0.0 0.0 0.0 0.0
16.320 0.0 0.0 0.0 0.0 0.0 0.0 0.0 0.0
16.360 0.0 0.0 0.0 0.0 0.0 0.0 0.0 0.0
16.400 0.0 0.0 0.0 0.0 0.0 0.0 0.0 0.0
16.440 0.0 0.0 0.0 0.0 0.0 0.0 0.0 0.0
16.480 0.0 0.0 0.0 0.0 0.0 0.0 0.0 0.0
16.520 0.0 0.0 0.0 0.0 0.0 0.0 0.0 0.0
16.560 0.0 0.0 0.0 0.0 0.0 0.0 0.0 0.0
16.600 0.0 0.0 0.0 0.0 0.0 0.0 0.0 0.0
16.640 0.0 0.0 0.0 0.0 0.0 0.0 0.0 0.0
16.680 0.0 0.0 0.0 0.0 0.0 0.0 0.0 0.0
16.720 0.0 0.0 0.0 0.0 0.0 0.0 0.0 0.0
16.760 0.0 0.0 0.0 0.0 0.0 0.0 0.0 0.0
16.800 0.0 0.0 0.0 0.0 0.0 0.0 0.0 0.0
16.840 0.0 0.0 0.0 0.0 0.0 0.0 0.0 0.0
16.880 0.0 0.0 0.0 0.0 0.0 0.0 0.0 0.0
16.920 0.0 0.0 0.0 0.0 0.0 0.0 0.0 0.0
16.960 0.0 0.0 0.0 0.0 0.0 0.0 0.0 0.0
17.000 0.0 0.0 0.0 0.0 0.0 0.0 0.0 0.0
17.040 0.0 0.0 0.0 0.0 0.0 0.0 0.0 0.0
17.080 0.0 0.0 0.0 0.0 0.0 0.0 0.0 0.0
17.120 0.0 0.0 0.0 0.0 0.0 0.0 0.0 0.0
17.160 0.0 0.0 0.0 0.0 0.0 0.0 0.0 0.0
17.200 0.0 0.0 0.0 0.0 0.0 0.0 0.0 0.0
17.240 0.0 0.0 0.0 0.0 0.0 0.0 0.0 0.0
17.280 0.0 0.0 0.0 0.0 0.0 0.0 0.0 0.0
17.320 0.0 0.0 0.0 0.0 0.0 0.0 0.0 0.0
17.360 0.0 0.0 0.0 0.0 0.0 0.0 0.0 0.0
17.400 0.0 0.0 0.0 0.0 0.0 0.0 0.0 0.0
17.440 0.0 0.0 0.0 0.0 0.0 0.0 0.0 0.0
17.480 0.0 0.0 0.0 0.0 0.0 0.0 0.0 0.0
17.520 0.0 0.0 0.0 0.0 0.0 0.0 0.0 0.0
17.560 0.0 0.0 0.0 0.0 0.0 0.0 0.0 0.0
17.600 0.0 0.0 0.0 0.0 0.0 0.0 0.0 0.0
17.640 0.0 0.0 0.0 0.0 0.0 0.0 0.0 0.0
17.680 0.0 0.0 0.0 0.0 0.0 0.0 0.0 0.0
17.720 0.0 0.0 0.0 0.0 0.0 0.0 0.0 0.0
17.760 0.0 0.0 0.0 0.0 0.0 0.0 0.0 0.0
17.800 0.0 0.0 0.0 0.0 0.0 0.0 0.0 0.0
17.840 0.0 0.0 0.0 0.0 0.0 0.0 0.0 0.0
17.880 0.0 0.0 0.0 0.0 0.0 0.0 0.0 0.0
17.920 0.0 0.0 0.0 0.0 0.0 0.0 0.0 0.0
17.960 0.0 0.0 0.0 0.0 0.0 0.0 0.0 0.0
18.000 0.0 0.0 0.0 0.0 0.0 0.0 0.0 0.0
18.040 0.0 0.0 0.0 0.0 0.0 0.0 0.0 0.0
18.080 0.0 0.0 0.0 0.0 0.0 0.0 0.0 0.0
18.120 0.0 0.0 0.0 0.0 0.0 0.0 0.0 0.0
18.160 0.0 0.0 0.0 0.0 0.0 0.0 0.0 0.0
18.200 0.0 0.0 0.0 0.0 0.0 0.0 0.0 0.0
18.240 0.0 0.0 0.0 0.0 0.0 0.0 0.0 0.0
18.280 0.0 0.0 0.0 0.0 0.0 0.0 0.0 0.0
18.320 0.0 0.0 0.0 0.0 0.0 0.0 0.0 0.0
18.360 0.0 0.0 0.0 0.0 0.0 0.0 0.0 0.0
18.400 0.0 0.0 0.0 0.0 0.0 0.0 0.0 0.0
18.440 0.0 0.0 0.0 0.0 0.0 0.0 0.0 0.0
18.480 0.0 0.0 0.0 0.0 0.0 0.0 0.0 0.0
18.520 0.0 0.0 0.0 0.0 0.0 0.0 0.0 0.0
18.560 0.0 0.0 0.0 0.0 0.0 0.0 0.0 0.0
18.600 0.0 0.0 0.0 0.0 0.0 0.0 0.0 0.0
18.640 0.0 0.0 0.0 0.0 0.0 0.0 0.0 0.0
18.680 0.0 0.0 0.0 0.0 0.0 0.0 0.0 0.0
18.720 0.0 0.0 0.0 0.0 0.0 0.0 0.0 0.0
18.760 0.0 0.0 0.0 0.0 0.0 0.0 0.0 0.0
18.800 0.0 0.0 0.0 0.0 0.0 0.0 0.0 0.0
18.840 0.0 0.0 0.0 0.0 0.0 0.0 0.0 0.0
18.880 0.0 0.0 0.0 0.0 0.0 0.0 0.0 0.0
18.920 0.0 0.0 0.0 0.0 0.0 0.0 0.0 0.0
18.960 0.0 0.0 0.0 0.0 0.0 0.0 0.0 0.0
19.000 0.0 0.0 0.0 0.0 0.0 0.0 0.0 0.0
19.040 0.0 0.0 0.0 0.0 0.0 0.0 0.0 0.0
19.080 0.0 0.0 0.0 0.0 0.0 0.0 0.0 0.0
19.120 0.0 0.0 0.0 0.0 0.0 0.0 0.0 0.0
19.160 0.0 0.0 0.0 0.0 0.0 0.0 0.0 0.0
19.200 0.0 0.0 0.0 0.0 0.0 0.0 0.0 0.0
19.240 0.0 0.0 0.0 0.0 0.0 0.0 0.0 0.0
19.280 0.0 0.0 0.0 0.0 0.0 0.0 0.0 0.0
19.320 0.0 0.0 0.0 0.0 0.0 0.0 0.0 0.0
19.360 0.0 0.0 0.0 0.0 0.0 0.0 0.0 0.0
19.400 0.0 0.0 0.0 0.0 0.0 0.0 0.0 0.0
19.440 0.0 0.0 0.0 0.0 0.0 0.0 0.0 0.0
19.480 0.0 0.0 0.0 0.0 0.0 0.0 0.0 0.0
19.520 0.0 0.0 0.0 0.0 0.0 0.0 0.0 0.0
19.560 0.0 0.0 0.0 0.0 0.0 0.0 0.0 0.0
19.600 0.0 0.0 0.0 0.0 0.0 0.0 0.0 0.0
19.640 0.0 0.0 0.0 0.0 0.0 0.0 0.0 0.0
19.680 0.0 0.0 0.0 0.0 0.0 0.0 0.0 0.0
19.720 0.0 0.0 0.0 0.0 0.0 0.0 0.0 0.0
19.760 0.0 0.0 0.0 0.0 0.0 0.0 0.0 0.0
19.800 0.0 0.0 0.0 0.0 0.0 0.0 0.0 0.0
19.840 0.0 0.0 0.0 0.0 0.0 0.0 0.0 0.0
19.880 0.0 0.0 0.0 0.0 0.0 0.0 0.0 0.0
19.920 0.0 0.0 0.0 0.0 0.0 0.0 0.0 0.0
19.960 0.0 0.0 0.0 0.0 0.0 0.0 0.0 0.0
20.000 0.0 0.0 0.0 0.0 0.0 0.0 0.0 0.0
