-20.000 0.0 0.0 0.0 0.0 0.0 0.0 0.0 0.0
-19.960 0.0 0.0 0.0 0.0 0.0 0.0 0.0 0.0
-19.920 0.0 0.0 0.0 0.0 0.0 0.0 0.0 0.0
-19.880 0.0 0.0 0.0 0.0 0.0 0.0 0.0 0.0
-19.840 0.0 0.0 0.0 0.0 0.0 0.0 0.0 0.0
-19.800 0.0 0.0 0.0 0.0 0.0 0.0 0.0 0.0
-19.760 0.0 0.0 0.0 0.0 0.0 0.0 0.0 0.0
-19.720 0.0 0.0 0.0 0.0 0.0 0.0 0.0 0.0
-19.680 0.0 0.0 0.0 0.0 0.0 0.0 0.0 0.0
-19.640 0.0 0.0 0.0 0.0 0.0 0.0 0.0 0.0
-19.600 0.0 0.0 0.0 0.0 0.0 0.0 0.0 0.0
-19.560 0.0 0.0 0.0 0.0 0.0 0.0 0.0 0.0
-19.520 0.0 0.0 0.0 0.0 0.0 0.0 0.0 0.0
-19.480 0.0 0.0 0.0 0.0 0.0 0.0 0.0 0.0
-19.440 0.0 0.0 0.0 0.0 0.0 0.0 0.0 0.0
-19.400 0.0 0.0 0.0 0.0 0.0 0.0 0.0 0.0
-19.360 0.0 0.0 0.0 0.0 0.0 0.0 0.0 0.0
-19.320 0.0 0.0 0.0 0.0 0.0 0.0 0.0 0.0
-19.280 0.0 0.0 0.0 0.0 0.0 0.0 0.0 0.0
-19.240 0.0 0.0 0.0 0.0 0.0 0.0 0.0 0.0
-19.200 0.0 0.0 0.0 0.0 0.0 0.0 0.0 0.0
-19.160 0.0 0.0 0.0 0.0 0.0 0.0 0.0 0.0
-19.120 0.0 0.0 0.0 0.0 0.0 0.0 0.0 0.0
-19.080 0.0 0.0 0.0 0.0 0.0 0.0 0.0 0.0
-19.040 0.0 0.0 0.0 0.0 0.0 0.0 0.0 0.0
-19.000 0.0 0.0 0.0 0.0 0.0 0.0 0.0 0.0
-18.960 0.0 0.0 0.0 0.0 0.0 0.0 0.0 0.0
-18.920 0.0 0.0 0.0 0.0 0.0 0.0 0.0 0.0
-18.880 0.0 0.0 0.0 0.0 0.0 0.0 0.0 0.0
-18.840 0.0 0.0 0.0 0.0 0.0 0.0 0.0 0.0
-18.800 0.0 0.0 0.0 0.0 0.0 0.0 0.0 0.0
-18.760 0.0 0.0 0.0 0.0 0.0 0.0 0.0 0.0
-18.720 0.0 0.0 0.0 0.0 0.0 0.0 0.0 0.0
-18.680 0.0 0.0 0.0 0.0 0.0 0.0 0.0 0.0
-18.640 0.0 0.0 0.0 0.0 0.0 0.0 0.0 0.0
-18.600 0.0 0.0 0.0 0.0 0.0 0.0 0.0 0.0
-18.560 0.0 0.0 0.0 0.0 0.0 0.0 0.0 0.0
-18.520 0.0 0.0 0.0 0.0 0.0 0.0 0.0 0.0
-18.480 0.0 0.0 0.0 0.0 0.0 0.0 0.0 0.0
-18.440 0.0 0.0 0.0 0.0 0.0 0.0 0.0 0.0
-18.400 0.0 0.0 0.0 0.0 0.0 0.0 0.0 0.0
-18.360 0.0 0.0 0.0 0.0 0.0 0.0 0.0 0.0
-18.320 0.0 0.0 0.0 0.0 0.0 0.0 0.0 0.0
-18.280 0.0 0.0 0.0 0.0 0.0 0.0 0.0 0.0
-18.240 0.0 0.0 0.0 0.0 0.0 0.0 0.0 0.0
-18.200 0.0 0.0 0.0 0.0 0.0 0.0 0.0 0.0
-18.160 0.0 0.0 0.0 0.0 0.0 0.0 0.0 0.0
-18.120 0.0 0.0 0.0 0.0 0.0 0.0 0.0 0.0
-18.080 0.0 0.0 0.0 0.0 0.0 0.0 0.0 0.0
-18.040 0.0 0.0 0.0 0.0 0.0 0.0 0.0 0.0
-18.000 0.0 0.0 0.0 0.0 0.0 0.0 0.0 0.0
-17.960 0.0 0.0 0.0 0.0 0.0 0.0 0.0 0.0
-17.920 0.0 0.0 0.0 0.0 0.0 0.0 0.0 0.0
-17.880 0.0 0.0 0.0 0.0 0.0 0.0 0.0 0.0
-17.840 0.0 0.0 0.0 0.0 0.0 0.0 0.0 0.0
-17.800 0.0 0.0 0.0 0.0 0.0 0.0 0.0 0.0
-17.760 0.0 0.0 0.0 0.0 0.0 0.0 0.0 0.0
-17.720 0.0 0.0 0.0 0.0 0.0 0.0 0.0 0.0
-17.680 0.0 0.0 0.0 0.0 0.0 0.0 0.0 0.0
-17.640 0.0 0.0 0.0 0.0 0.0 0.0 0.0 0.0
-17.600 0.0 0.0 0.0 0.0 0.0 0.0 0.0 0.0
-17.560 0.0 0.0 0.0 0.0 0.0 0.0 0.0 0.0
-17.520 0.0 0.0 0.0 0.0 0.0 0.0 0.0 0.0
-17.480 0.0 0.0 0.0 0.0 0.0 0.0 0.0 0.0
-17.440 0.0 0.0 0.0 0.0 0.0 0.0 0.0 0.0
-17.400 0.0 0.0 0.0 0.0 0.0 0.0 0.0 0.0
-17.360 0.0 0.0 0.0 0.0 0.0 0.0 0.0 0.0
-17.320 0.0 0.0 0.0 0.0 0.0 0.0 0.0 0.0
-17.280 0.0 0.0 0.0 0.0 0.0 0.0 0.0 0.0
-17.240 0.0 0.0 0.0 0.0 0.0 0.0 0.0 0.0
-17.200 0.0 0.0 0.0 0.0 0.0 0.0 0.0 0.0
-17.160 0.0 0.0 0.0 0.0 0.0 0.0 0.0 0.0
-17.120 0.0 0.0 0.0 0.0 0.0 0.0 0.0 0.0
-17.080 0.0 0.0 0.0 0.0 0.0 0.0 0.0 0.0
-17.040 0.0 0.0 0.0 0.0 0.0 0.0 0.0 0.0
-17.000 0.0 0.0 0.0 0.0 0.0 0.0 0.0 0.0
-16.960 0.0 0.0 0.0 0.0 0.0 0.0 0.0 0.0
-16.920 0.0 0.0 0.0 0.0 0.0 0.0 0.0 0.0
-16.880 0.0 0.0 0.0 0.0 0.0 0.0 0.0 0.0
-16.840 0.0 0.0 0.0 0.0 0.0 0.0 0.0 0.0
-16.800 0.0 0.0 0.0 0.0 0.0 0.0 0.0 0.0
-16.760 0.0 0.0 0.0 0.0 0.0 0.0 0.0 0.0
-16.720 0.0 0.0 0.0 0.0 0.0 0.0 0.0 0.0
-16.680 0.0 0.0 0.0 0.0 0.0 0.0 0.0 0.0
-16.640 0.0 0.0 0.0 0.0 0.0 0.0 0.0 0.0
-16.600 0.0 0.0 0.0 0.0 0.0 0.0 0.0 0.0
-16.560 0.0 0.0 0.0 0.0 0.0 0.0 0.0 0.0
-16.520 0.0 0.0 0.0 0.0 0.0 0.0 0.0 0.0
-16.480 0.0 0.0 0.0 0.0 0.0 0.0 0.0 0.0
-16.440 0.0 0.0 0.0 0.0 0.0 0.0 0.0 0.0
-16.400 0.0 0.0 0.0 0.0 0.0 0.0 0.0 0.0
-16.360 0.0 0.0 0.0 0.0 0.0 0.0 0.0 0.0
-16.320 0.0 0.0 0.0 0.0 0.0 0.0 0.0 0.0
-16.280 0.0 0.0 0.0 0.0 0.0 0.0 0.0 0.0
-16.240 0.0 0.0 0.0 0.0 0.0 0.0 0.0 0.0
-16.200 0.0 0.0 0.0 0.0 0.0 0.0 0.0 0.0
-16.160 0.0 0.0 0.0 0.0 0.0 0.0 0.0 0.0
-16.120 0.0 0.0 0.0 0.0 0.0 0.0 0.0 0.0
-16.080 0.0 0.0 0.0 0.0 0.0 0.0 0.0 0.0
-16.040 0.0 0.0 0.0 0.0 0.0 0.0 0.0 0.0
-16.000 0.0 0.0 0.0 0.0 0.0 0.0 0.0 0.0
-15.960 0.0 0.0 0.0 0.0 0.0 0.0 0.0 0.0
-15.920 0.0 0.0 0.0 0.0 0.0 0.0 0.0 0.0
-15.880 0.0 0.0 0.0 0.0 0.0 0.0 0.0 0.0
-15.840 0.0 0.0 0.0 0.0 0.0 0.0 0.0 0.0
-15.800 0.0 0.0 0.0 0.0 0.0 0.0 0.0 0.0
-15.760 0.0 0.0 0.0 0.0 0.0 0.0 0.0 0.0
-15.720 0.0 0.0 0.0 0.0 0.0 0.0 0.0 0.0
-15.680 0.0 0.0 0.0 0.0 0.0 0.0 0.0 0.0
-15.640 0.0 0.0 0.0 0.0 0.0 0.0 0.0 0.0
-15.600 0.0 0.0 0.0 0.0 0.0 0.0 0.0 0.0
-15.560 0.0 0.0 0.0 0.0 0.0 0.0 0.0 0.0
-15.520 0.0 0.0 0.0 0.0 0.0 0.0 0.0 0.0
-15.480 0.0 0.0 0.0 0.0 0.0 0.0 0.0 0.0
-15.440 0.0 0.0 0.0 0.0 0.0 0.0 0.0 0.0
-15.400 0.0 0.0 0.0 0.0 0.0 0.0 0.0 0.0
-15.360 0.0 0.0 0.0 0.0 0.0 0.0 0.0 0.0
-15.320 0.0 0.0 0.0 0.0 0.0 0.0 0.0 0.0
-15.280 0.0 0.0 0.0 0.0 0.0 0.0 0.0 0.0
-15.240 0.0 0.0 0.0 0.0 0.0 0.0 0.0 0.0
-15.200 0.0 0.0 0.0 0.0 0.0 0.0 0.0 0.0
-15.160 0.0 0.0 0.0 0.0 0.0 0.0 0.0 0.0
-15.120 0.0 0.0 0.0 0.0 0.0 0.0 0.0 0.0
-15.080 0.0 0.0 0.0 0.0 0.0 0.0 0.0 0.0
-15.040 0.0 0.0 0.0 0.0 0.0 0.0 0.0 0.0
-15.000 0.0 0.0 0.0 0.0 0.0 0.0 0.0 0.0
-14.960 0.0 0.0 0.0 0.0 0.0 0.0 0.0 0.0
-14.920 0.0 0.0 0.0 0.0 0.0 0.0 0.0 0.0
-14.880 0.0 0.0 0.0 0.0 0.0 0.0 0.0 0.0
-14.840 0.0 0.0 0.0 0.0 0.0 0.0 0.0 0.0
-14.800 0.0 0.0 0.0 0.0 0.0 0.0 0.0 0.0
-14.760 0.0 0.0 0.0 0.0 0.0 0.0 0.0 0.0
-14.720 0.0 0.0 0.0 0.0 0.0 0.0 0.0 0.0
-14.680 0.0 0.0 0.0 0.0 0.0 0.0 0.0 0.0
-14.640 0.0 0.0 0.0 0.0 0.0 0.0 0.0 0.0
-14.600 0.0 0.0 0.0 0.0 0.0 0.0 0.0 0.0
-14.560 0.0 0.0 0.0 0.0 0.0 0.0 0.0 0.0
-14.520 0.0 0.0 0.0 0.0 0.0 0.0 0.0 0.0
-14.480 0.0 0.0 0.0 0.0 0.0 0.0 0.0 0.0
-14.440 0.0 0.0 0.0 0.0 0.0 0.0 0.0 0.0
-14.400 0.0 0.0 0.0 0.0 0.0 0.0 0.0 0.0
-14.360 0.0 0.0 0.0 0.0 0.0 0.0 0.0 0.0
-14.320 0.0 0.0 0.0 0.0 0.0 0.0 0.0 0.0
-14.280 0.0 0.0 0.0 0.0 0.0 0.0 0.0 0.0
-14.240 0.0 0.0 0.0 0.0 0.0 0.0 0.0 0.0
-14.200 0.0 0.0 0.0 0.0 0.0 0.0 0.0 0.0
-14.160 0.0 0.0 0.0 0.0 0.0 0.0 0.0 0.0
-14.120 0.0 0.0 0.0 0.0 0.0 0.0 0.0 0.0
-14.080 0.0 0.0 0.0 0.0 0.0 0.0 0.0 0.0
-14.040 0.0 0.0 0.0 0.0 0.0 0.0 0.0 0.0
-14.000 0.0 0.0 0.0 0.0 0.0 0.0 0.0 0.0
-13.960 0.0 0.0 0.0 0.0 0.0 0.0 0.0 0.0
-13.920 0.0 0.0 0.0 0.0 0.0 0.0 0.0 0.0
-13.880 0.0 0.0 0.0 0.0 0.0 0.0 0.0 0.0
-13.840 0.0 0.0 0.0 0.0 0.0 0.0 0.0 0.0
-13.800 0.0 0.0 0.0 0.0 0.0 0.0 0.0 0.0
-13.760 0.69644 0.0 0.00088746 0.0 0.0 0.0 0.0 0.0
-13.720 1.21822 0.6264 0.0021542 0.00072948 0.0 0.0 0.0 0.0
-13.680 2.434 1.18722 0.0060125 0.0019232 0.0 0.0 0.0 0.0
-13.640 2.6577 2.3028 0.0095266 0.0050912 0.0 0.0 0.0 0.0
-13.600 2.3199 2.8487 0.0095998 0.0094764 0.0 0.0 0.0 0.0
-13.560 2.5224 2.4348 0.0115766 0.0093443 0.0 0.0 0.0 0.0
-13.520 4.1201 2.2684 0.020562 0.0096729 0.0 0.0 0.0 0.0
-13.480 5.8915 4.0656 0.032022 0.01891 0.0 0.0 0.0 0.0
-13.440 4.2008 6.3604 0.023418 0.032218 0.0 0.0 0.0 0.0
-13.400 4.8762 3.7714 0.029768 0.019514 0.0 0.0 0.0 0.0
-13.360 3.7865 5.7122 0.023946 0.032786 0.0 0.0 0.0 0.0
-13.320 3.6341 3.5112 0.023067 0.020231 0.0 0.0 0.0 0.0
-13.280 3.7384 3.6774 0.023486 0.021896 0.0 0.0 0.0 0.0
-13.240 3.0008 3.7281 0.018779 0.021789 0.0 0.0 0.0 0.0
-13.200 3.2538 3.523 0.021509 0.020507 0.0 0.0 0.0 0.0
-13.160 4.2646 3.2349 0.029832 0.01961 0.0 0.0 0.0 0.0
-13.120 3.8026 4.4125 0.026618 0.028401 0.0 0.0 0.0 0.0
-13.080 2.4087 3.9474 0.016702 0.025356 0.0 0.0 0.0 0.0
-13.040 2.8823 2.6812 0.020365 0.017167 0.0 0.0 0.0 0.0
-13.000 3.0636 3.1955 0.021998 0.020489 0.0 0.0 0.0 0.0
-12.960 2.5545 3.1974 0.017876 0.020869 0.0 0.0 0.0 0.0
-12.920 2.1436 2.8731 0.0149248 0.01846 0.0 0.0 0.0 0.0
-12.880 2.4951 2.3221 0.017773 0.0146761 0.0 0.0 0.0 0.0
-12.840 2.366 2.6167 0.016974 0.016911 0.0 0.0 0.0 0.0
-12.800 2.4915 2.5411 0.017498 0.016532 0.0 0.0 0.0 0.0
-12.760 1.57594 2.7263 0.0112625 0.017255 0.0 0.0 0.0 0.0
-12.720 2.7438 1.7394 0.018948 0.0112049 0.0 0.0 0.0 0.0
-12.680 2.5983 2.6919 0.017445 0.016837 0.0 0.0 0.0 0.0
-12.640 2.3483 2.8292 0.0159677 0.017006 0.0 0.0 0.0 0.0
-12.600 2.6 2.4807 0.018638 0.0151228 0.0 0.0 0.0 0.0
-12.560 2.8269 2.6966 0.020707 0.017218 0.0 0.0 0.0 0.0
-12.520 2.4158 3.1048 0.017364 0.02032 0.0 0.0 0.0 0.0
-12.480 2.6363 2.6239 0.018597 0.016763 0.0 0.0 0.0 0.0
-12.440 2.4538 2.8402 0.017233 0.017741 0.0 0.0 0.0 0.0
-12.400 1.6908 2.5882 0.0120126 0.01602 0.0 0.0 0.0 0.0
-12.360 1.30928 1.7427 0.0092442 0.0108906 0.0 0.0 0.0 0.0
-12.320 1.9989 1.40191 0.0136915 0.0086293 0.0 0.0 0.0 0.0
-12.280 3.379 2.3781 0.023697 0.0141653 0.0 0.0 0.0 0.0
-12.240 3.0285 3.868 0.021069 0.023349 0.0 0.0 0.0 0.0
-12.200 1.75477 3.0763 0.0122616 0.0181876 0.0 0.0 0.0 0.0
-12.160 2.05592 1.63002 0.0136582 0.0098177 0.0 0.0 0.0 0.0
-12.120 2.6831 2.29267 0.0185712 0.0129854 0.0 0.0 0.0 0.0
-12.080 3.3767 3.1535 0.023489 0.018652 0.0 0.0 0.0 0.0
-12.040 3.4397 3.9723 0.023733 0.023415 0.0 0.0 0.0 0.0
-12.000 2.3344 3.1903 0.0153922 0.0183339 0.0 0.0 0.0 0.0
-11.960 2.5404 3.1208 0.0158606 0.016512 0.0 0.0 0.0 0.0
-11.920 2.1978 2.4084 0.0136228 0.0126732 0.0 0.0 0.0 0.0
-11.880 1.6534 2.0496 0.0099698 0.0104832 0.0 0.0 0.0 0.0
-11.840 1.9552 1.885 0.010742 0.0088944 0.0 0.0 0.0 0.0
-11.800 2.6316 2.8146 0.013371 0.0120104 0.0 0.0 0.0 0.0
-11.760 3.9288 4.0824 0.0184 0.0156506 0.0 0.0 0.0 0.0
-11.720 3.1204 3.757 0.0131556 0.0127322 0.0 0.0 0.0 0.0
-11.680 0.43474 0.47804 0.0013617 0.00114786 0.0 0.0 0.0 0.0
-11.640 0.237876 0.24917 0.00064684 0.00050242 0.0 0.0 0.0 0.0
-11.600 0.136498 0.06912 0.00034416 0.000117706 0.0 0.0 0.0 0.0
-11.560 0.00243744 0.0 5.7413e-06 0.0 0.0 0.0 0.0 0.0
-11.520 0.0 0.0 0.0 0.0 0.0 0.0 0.0 0.0
-11.480 0.0 0.0 0.0 0.0 0.0 0.0 0.0 0.0
-11.440 0.0 0.0 0.0 0.0 0.0 0.0 0.0 0.0
-11.400 0.0 0.0 0.0 0.0 0.0 0.0 0.0 0.0
-11.360 0.0 0.0 0.0 0.0 0.0 0.0 0.0 0.0
-11.320 0.0 0.0 0.0 0.0 0.0 0.0 0.0 0.0
-11.280 0.0 0.0 0.0 0.0 0.0 0.0 0.0 0.0
-11.240 0.0 0.0 0.0 0.0 0.0 0.0 0.0 0.0
-11.200 0.0 0.0 0.0 0.0 0.0 0.0 0.0 0.0
-11.160 0.0 0.0 0.0 0.0 0.0 0.0 0.0 0.0
-11.120 0.0 0.0 0.0 0.0 0.0 0.0 0.0 0.0
-11.080 0.0 0.0 0.0 0.0 0.0 0.0 0.0 0.0
-11.040 0.0 0.0 0.0 0.0 0.0 0.0 0.0 0.0
-11.000 0.0 0.0 0.0 0.0 0.0 0.0 0.0 0.0
-10.960 0.0 0.0 0.0 0.0 0.0 0.0 0.0 0.0
-10.920 0.0 0.0 0.0 0.0 0.0 0.0 0.0 0.0
-10.880 0.0 0.0 0.0 0.0 0.0 0.0 0.0 0.0
-10.840 0.0 0.0 0.0 0.0 0.0 0.0 0.0 0.0
-10.800 0.0 0.0 0.0 0.0 0.0 0.0 0.0 0.0
-10.760 0.0 0.0 0.0 0.0 0.0 0.0 0.0 0.0
-10.720 0.0 0.0 0.0 0.0 0.0 0.0 0.0 0.0
-10.680 0.0 0.0 0.0 0.0 0.0 0.0 0.0 0.0
-10.640 0.0317172 0.0 0.132478 0.0 0.0 0.0 0.0 0.0
-10.600 0.18082 0.0 0.7093 0.0 0.0 0.0 0.0 0.0
-10.560 0.123175 0.0 0.51759 0.0 0.0 0.0 0.0 0.0
-10.520 0.111056 0.0 0.45549 0.0 0.0 0.0 0.0 0.0
-10.480 0.110812 0.0 0.44628 0.0 0.0 0.0 0.0 0.0
-10.440 0.121075 0.105441 0.41477 0.42332 0.0 0.0 0.0 0.0
-10.400 0.148016 0.06794 0.56752 0.27993 0.0 0.0 0.0 0.0
-10.360 0.105602 0.088709 0.33912 0.38281 0.0 0.0 0.0 0.0
-10.320 0.124795 0.092824 0.36805 0.41749 0.0 0.0 0.0 0.0
-10.280 0.087238 0.138856 0.20754 0.50244 0.0 0.0 0.0 0.0
-10.240 0.074491 0.11314 0.17803 0.39869 0.0 0.0 0.0 0.0
-10.200 0.053736 0.137311 0.11877 0.53478 0.0 0.0 0.0 0.0
-10.160 0.036958 0.109013 0.065656 0.36592 0.0 0.0 0.0 0.0
-10.120 0.0349775 0.117469 0.0050787 0.37745 0.0 0.0 0.0 0.0
-10.080 0.1402 0.093415 0.017458 0.23627 0.0 0.0 0.0 0.0
-10.040 0.53278 0.072824 0.058644 0.18235 0.0 0.0 0.0 0.0
-10.000 0.77778 0.055571 0.076044 0.125845 0.0 0.0 0.0 0.0
-9.960 0.56138 0.037632 0.049534 0.071566 0.0 0.0 0.0 0.0
-9.920 0.51082 0.043989 0.041284 0.0081739 0.0 0.0 0.0 0.0
-9.880 0.6223 0.29892 0.046124 0.046108 0.0 0.0 0.0 0.0
-9.840 0.75836 0.6671 0.052074 0.088633 0.0 0.0 0.0 0.0
-9.800 1.09942 0.51256 0.068524 0.060534 0.0 0.0 0.0 0.0
-9.760 1.21817 0.4668 0.07254 0.04955 0.0 0.0 0.0 0.0
-9.720 1.27673 0.58384 0.073158 0.055854 0.0 0.0 0.0 0.0
-9.680 1.11944 0.73585 0.062248 0.063981 0.0 0.0 0.0 0.0
-9.640 1.25095 1.06243 0.067146 0.082825 0.0 0.0 0.0 0.0
-9.600 1.33291 1.10174 0.070077 0.081911 0.0 0.0 0.0 0.0
-9.560 0.91073 1.13317 0.047155 0.080422 0.0 0.0 0.0 0.0
-9.520 1.30148 1.00378 0.065078 0.068731 0.0 0.0 0.0 0.0
-9.480 1.35904 1.27209 0.066247 0.08315 0.0 0.0 0.0 0.0
-9.440 0.8193 1.09703 0.039504 0.071104 0.0 0.0 0.0 0.0
-9.400 0.71265 0.90771 0.03344 0.056936 0.0 0.0 0.0 0.0
-9.360 0.85247 1.79462 0.038966 0.10651 0.0 0.0 0.0 0.0
-9.320 1.14204 1.00521 0.051351 0.059269 0.0 0.0 0.0 0.0
-9.280 1.421 0.66241 0.062054 0.038179 0.0 0.0 0.0 0.0
-9.240 1.5865 0.714 0.068096 0.039725 0.0 0.0 0.0 0.0
-9.200 1.33245 0.89971 0.05622 0.048803 0.0 0.0 0.0 0.0
-9.160 1.16294 1.20403 0.047655 0.06361 0.0 0.0 0.0 0.0
-9.120 1.09552 1.4301 0.044028 0.073446 0.0 0.0 0.0 0.0
-9.080 1.2502 1.4606 0.048756 0.074156 0.0 0.0 0.0 0.0
-9.040 1.44058 1.11373 0.05446 0.054452 0.0 0.0 0.0 0.0
-9.000 1.27366 1.04301 0.046328 0.049647 0.0 0.0 0.0 0.0
-8.960 1.10703 1.11162 0.039866 0.051426 0.0 0.0 0.0 0.0
-8.920 1.05938 1.3483 0.038144 0.06021 0.0 0.0 0.0 0.0
-8.880 1.57923 1.28721 0.054606 0.055308 0.0 0.0 0.0 0.0
-8.840 1.39983 1.15569 0.0473 0.048304 0.0 0.0 0.0 0.0
-8.800 1.52163 0.86918 0.05129 0.036757 0.0 0.0 0.0 0.0
-8.760 1.63068 1.38561 0.054064 0.056635 0.0 0.0 0.0 0.0
-8.720 1.9162 1.42251 0.063351 0.05565 0.0 0.0 0.0 0.0
-8.680 1.6782 1.36178 0.05403 0.052735 0.0 0.0 0.0 0.0
-8.640 1.32844 1.63929 0.04414 0.062428 0.0 0.0 0.0 0.0
-8.600 1.40424 1.61867 0.045064 0.061494 0.0 0.0 0.0 0.0
-8.560 1.60776 1.7316 0.04978 0.064688 0.0 0.0 0.0 0.0
-8.520 1.6694 1.3724 0.05087 0.052178 0.0 0.0 0.0 0.0
-8.480 1.9583 1.18606 0.059053 0.043502 0.0 0.0 0.0 0.0
-8.440 1.48286 1.55438 0.042714 0.0546 0.0 0.0 0.0 0.0
-8.400 1.17294 1.574 0.032165 0.054244 0.0 0.0 0.0 0.0
-8.360 1.97728 1.8155 0.052877 0.061904 0.0 0.0 0.0 0.0
-8.320 2.407 1.61877 0.063464 0.052967 0.0 0.0 0.0 0.0
-8.280 2.611 1.06488 0.068113 0.033093 0.0 0.0 0.0 0.0
-8.240 2.1939 1.67113 0.05443 0.050467 0.0 0.0 0.0 0.0
-8.200 1.7244 2.3732 0.041348 0.070214 0.0 0.0 0.0 0.0
-8.160 2.0562 2.5086 0.051928 0.073862 0.0 0.0 0.0 0.0
-8.120 2.8326 2.1313 0.070172 0.059779 0.0 0.0 0.0 0.0
-8.080 1.58296 1.72416 0.035842 0.046614 0.0 0.0 0.0 0.0
-8.040 2.1636 2.0436 0.046418 0.056916 0.0 0.0 0.0 0.0
-8.000 2.9776 2.604 0.059651 0.070782 0.0 0.0 0.0 0.0
-7.960 2.5469 1.54768 0.046813 0.038678 0.0 0.0 0.0 0.0
-7.920 1.62369 2.051 0.027369 0.048738 0.0 0.0 0.0 0.0
-7.880 0.87021 2.7349 0.0141592 0.060767 0.0 0.0 0.0 0.0
-7.840 0.98313 2.5495 0.0159602 0.051422 0.0 0.0 0.0 0.0
-7.800 1.22009 1.74542 0.0184559 0.032652 0.0 0.0 0.0 0.0
-7.760 1.40372 0.91787 0.019263 0.016267 0.0 0.0 0.0 0.0
-7.720 1.70193 0.95739 0.021185 0.0168114 0.0 0.0 0.0 0.0
-7.680 1.13837 1.1658 0.0112988 0.019128 0.0 0.0 0.0 0.0
-7.640 0.73082 1.33854 0.0060528 0.019951 0.0 0.0 0.0 0.0
-7.600 0.54656 1.61974 0.0037282 0.021912 0.0 0.0 0.0 0.0
-7.560 0.38002 1.10551 0.00206532 0.0120097 0.0 0.0 0.0 0.0
-7.520 0.2076 0.71364 0.00084534 0.0064516 0.0 0.0 0.0 0.0
-7.480 0.0 0.53478 0.0 0.0040106 0.0 0.0 0.0 0.0
-7.440 0.0 0.38748 0.0 0.0023011 0.0 0.0 0.0 0.0
-7.400 0.0 0.23208 0.0 0.00105692 0.0 0.0 0.0 0.0
-7.360 0.0 0.0 0.0 0.0 0.0 0.0 0.0 0.0
-7.320 0.0 0.0 0.0 0.0 0.0 0.0 0.0 0.0
-7.280 0.0 0.0 0.0 0.0 0.0 0.0 0.0 0.0
-7.240 0.0 0.0 0.0 0.0 0.0 0.0 0.0 0.0
-7.200 0.0 0.0 0.0 0.0 0.0 0.0 0.0 0.0
-7.160 0.0 0.0 0.0 0.0 0.0 0.0 0.0 0.0
-7.120 0.0 0.0 0.0 0.0 0.0 0.0 0.0 0.0
-7.080 0.0 0.0 0.0 0.0 0.0 0.0 0.0 0.0
-7.040 0.0 0.0 0.0 0.0 0.0 0.0 0.0 0.0
-7.000 0.0 0.0 0.0 0.0 0.0 0.0 0.0 0.0
-6.960 0.0 0.0 0.0 0.0 0.0 0.0 0.0 0.0
-6.920 0.0 0.0 0.0 0.0 0.0 0.0 0.0 0.0
-6.880 0.0 0.0 0.0 0.0 0.0 0.0 0.0 0.0
-6.840 0.0 0.0 0.0 0.0 0.0 0.0 0.0 0.0
-6.800 0.0 0.0 0.0 0.0 0.0 0.0 0.0 0.0
-6.760 0.0 0.0 0.0 0.0 0.0 0.0 0.0 0.0
-6.720 0.0 0.0 0.0 0.0 0.0 0.0 0.0 0.0
-6.680 0.0 0.0 0.0 0.0 0.0 0.0 0.0 0.0
-6.640 0.0 0.0 0.0 0.0 0.0 0.0 0.0 0.0
-6.600 0.0 0.0 0.0 0.0 0.0 0.0 0.0 0.0
-6.560 0.0 0.0 0.0 0.0 0.0 0.0 0.0 0.0
-6.520 0.0 0.0 0.0 0.0 0.0 0.0 0.0 0.0
-6.480 0.0 0.0 0.0 0.0 0.0 0.0 0.0 0.0
-6.440 0.0 0.0 0.0 0.0 0.0 0.0 0.0 0.0
-6.400 0.0 0.0 0.0 0.0 0.0 0.0 0.0 0.0
-6.360 0.0 0.0 0.0 0.0 0.0 0.0 0.0 0.0
-6.320 0.0 0.0 0.0 0.0 0.0 0.0 0.0 0.0
-6.280 0.0 0.0 0.0 0.0 0.0 0.0 0.0 0.0
-6.240 0.0 0.0 0.0 0.0 0.0 0.0 0.0 0.0
-6.200 0.0 0.0 0.0 0.0 0.0 0.0 0.0 0.0
-6.160 0.0 0.0 0.0 0.0 0.0 0.0 0.0 0.0
-6.120 0.0 0.0 0.0 0.0 0.0 0.0 0.0 0.0
-6.080 0.0 0.0 0.0 0.0 0.0 0.0 0.0 0.0
-6.040 0.0 0.0 0.0 0.0 0.0 0.0 0.0 0.0
-6.000 0.0 0.0 0.0 0.0 0.0 0.0 0.0 0.0
-5.960 0.0 0.0 0.0 0.0 0.0 0.0 0.0 0.0
-5.920 0.0 0.0 0.0 0.0 0.0 0.0 0.0 0.0
-5.880 0.0 0.0 0.0 0.0 0.0 0.0 0.0 0.0
-5.840 0.0 0.0 0.0 0.0 0.0 0.0 0.0 0.0
-5.800 0.0 0.0 0.0 0.0 0.0 0.0 0.0 0.0
-5.760 0.0 0.0 0.0 0.0 0.0 0.0 0.0 0.0
-5.720 0.0 0.0 0.0 0.0 0.0 0.0 0.0 0.0
-5.680 0.0 0.0 0.0 0.0 0.0 0.0 0.0 0.0
-5.640 0.0 0.0 0.0 0.0 0.0 0.0 0.0 0.0
-5.600 0.0 0.0 0.0 0.0 0.0 0.0 0.0 0.0
-5.560 0.0 0.0 0.0 0.0 0.0 0.0 0.0 0.0
-5.520 0.0 0.0 0.0 0.0 0.0 0.0 0.0 0.0
-5.480 0.0 0.0 0.0 0.0 0.0 0.0 0.0 0.0
-5.440 0.0 0.0 0.0 0.0 0.0 0.0 0.0 0.0
-5.400 0.0 0.0 0.0 0.0 0.0 0.0 0.0 0.0
-5.360 0.0 0.0 0.0 0.0 0.0 0.0 0.0 0.0
-5.320 0.0 0.0 0.0 0.0 0.0 0.0 0.0 0.0
-5.280 0.0 0.0 0.0 0.0 0.0 0.0 0.0 0.0
-5.240 0.0 0.0 0.0 0.0 0.0 0.0 0.0 0.0
-5.200 0.0 0.0 0.0 0.0 0.0 0.0 0.0 0.0
-5.160 0.0 0.0 0.0 0.0 0.0 0.0 0.0 0.0
-5.120 0.0 0.0 0.0 0.0 0.0 0.0 0.0 0.0
-5.080 0.0 0.0 0.0 0.0 0.0 0.0 0.0 0.0
-5.040 0.0 0.0 0.0 0.0 0.0 0.0 0.0 0.0
-5.000 0.0 0.0 0.0 0.0 0.0 0.0 0.0 0.0
-4.960 0.0 0.0 0.0 0.0 0.0 0.0 0.0 0.0
-4.920 0.0 0.0 0.0 0.0 0.0 0.0 0.0 0.0
-4.880 0.0 0.0 0.0 0.0 0.0 0.0 0.0 0.0
-4.840 0.0 0.0 0.0 0.0 0.0 0.0 0.0 0.0
-4.800 0.0 0.0 0.0 0.0 0.0 0.0 0.0 0.0
-4.760 0.0 0.0 0.0 0.0 0.0 0.0 0.0 0.0
-4.720 0.0 0.0 0.0 0.0 0.0 0.0 0.0 0.0
-4.680 0.0 0.0 0.0 0.0 0.0 0.0 0.0 0.0
-4.640 0.0 0.0 0.0 0.0 0.0 0.0 0.0 0.0
-4.600 0.0 0.0 0.0 0.0 0.0 0.0 0.0 0.0
-4.560 0.0 0.0 0.0 0.0 0.0 0.0 0.0 0.0
-4.520 0.0 0.0 0.0 0.0 0.0 0.0 0.0 0.0
-4.480 0.0 0.0 0.0 0.0 0.0 0.0 0.0 0.0
-4.440 0.0 0.0 0.0 0.0 0.0 0.0 0.0 0.0
-4.400 0.0 0.0 0.0 0.0 0.0 0.0 0.0 0.0
-4.360 0.0 0.0 0.0 0.0 0.0 0.0 0.0 0.0
-4.320 0.0 0.0 0.0 0.0 0.0 0.0 0.0 0.0
-4.280 0.0 0.0 0.0 0.0 0.0 0.0 0.0 0.0
-4.240 0.0 0.0 0.0 0.0 0.0 0.0 0.0 0.0
-4.200 0.0 0.0 0.0 0.0 0.0 0.0 0.0 0.0
-4.160 0.0 0.0 0.0 0.0 0.0 0.0 0.0 0.0
-4.120 0.0 0.0 0.0 0.0 0.0 0.0 0.0 0.0
-4.080 0.0 0.0 0.0 0.0 0.0 0.0 0.0 0.0
-4.040 0.0 0.0 0.0 0.0 0.0 0.0 0.0 0.0
-4.000 0.0 0.0 0.0 0.0 0.0 0.0 0.0 0.0
-3.960 0.0 0.0 0.0 0.0 0.0 0.0 0.0 0.0
-3.920 0.0 0.0 0.0 0.0 0.0 0.0 0.0 0.0
-3.880 0.0 0.0 0.0 0.0 0.0 0.0 0.0 0.0
-3.840 0.0 0.0 0.0 0.0 0.0 0.0 0.0 0.0
-3.800 0.0 0.0 0.0 0.0 0.0 0.0 0.0 0.0
-3.760 0.0 0.0 0.0 0.0 0.0 0.0 0.0 0.0
-3.720 0.0 0.0 0.0 0.0 0.0 0.0 0.0 0.0
-3.680 0.0 0.0 0.0 0.0 0.0 0.0 0.0 0.0
-3.640 0.0 0.0 0.0 0.0 0.0 0.0 0.0 0.0
-3.600 0.0 0.0 0.0 0.0 0.0 0.0 0.0 0.0
-3.560 0.0 0.0 0.0 0.0 0.0 0.0 0.0 0.0
-3.520 0.0 0.0 0.0 0.0 0.0 0.0 0.0 0.0
-3.480 0.0 0.0 0.0 0.0 0.0 0.0 0.0 0.0
-3.440 0.0 0.0 0.0 0.0 0.0 0.0 0.0 0.0
-3.400 0.0 0.0 0.0 0.0 0.0 0.0 0.0 0.0
-3.360 0.0 0.0 0.0 0.0 0.0 0.0 0.0 0.0
-3.320 0.0 0.0 0.0 0.0 0.0 0.0 0.0 0.0
-3.280 0.0 0.0 0.0 0.0 0.0 0.0 0.0 0.0
-3.240 0.0 0.0 0.0 0.0 0.0 0.0 0.0 0.0
-3.200 0.0 0.0 0.0 0.0 0.0 0.0 0.0 0.0
-3.160 0.0 0.0 0.0 0.0 0.0 0.0 0.0 0.0
-3.120 0.0 0.0 0.0 0.0 0.0 0.0 0.0 0.0
-3.080 0.0 0.0 0.0 0.0 0.0 0.0 0.0 0.0
-3.040 0.0 0.0 0.0 0.0 0.0 0.0 0.0 0.0
-3.000 0.0 0.0 0.0 0.0 0.0 0.0 0.0 0.0
-2.960 0.0 0.0 0.0 0.0 0.0 0.0 0.0 0.0
-2.920 0.0 0.0 0.0 0.0 0.0 0.0 0.0 0.0
-2.880 0.0 0.0 0.0 0.0 0.0 0.0 0.0 0.0
-2.840 0.0 0.0 0.0 0.0 0.0 0.0 0.0 0.0
-2.800 0.0 0.0 0.0 0.0 0.0 0.0 0.0 0.0
-2.760 0.0 0.0 0.0 0.0 0.0 0.0 0.0 0.0
-2.720 0.0 0.0 0.0 0.0 0.0 0.0 0.0 0.0
-2.680 0.0 0.0 0.0 0.0 0.0 0.0 0.0 0.0
-2.640 0.0 0.0 0.0 0.0 0.0 0.0 0.0 0.0
-2.600 0.0 0.0 0.0 0.0 0.0 0.0 0.0 0.0
-2.560 0.0 0.0 0.0 0.0 0.0 0.0 0.0 0.0
-2.520 0.0 0.0 0.0 0.0 0.0 0.0 0.0 0.0
-2.480 0.0 0.0 0.0 0.0 0.0 0.0 0.0 0.0
-2.440 0.0 0.0 0.0 0.0 0.0 0.0 0.0 0.0
-2.400 0.0 0.0 0.0 0.0 0.0 0.0 0.0 0.0
-2.360 0.0 0.0 0.0 0.0 0.0 0.0 0.0 0.0
-2.320 0.0 0.0 0.0 0.0 0.0 0.0 0.0 0.0
-2.280 0.0 0.0 0.0 0.0 0.0 0.0 0.0 0.0
-2.240 0.0 0.0 0.0 0.0 0.0 0.0 0.0 0.0
-2.200 0.0 0.0 0.0 0.0 0.0 0.0 0.0 0.0
-2.160 0.0 0.0 0.0 0.0 0.0 0.0 0.0 0.0
-2.120 0.0 0.0 0.0 0.0 0.0 0.0 0.0 0.0
-2.080 0.0 0.0 0.0 0.0 0.0 0.0 0.0 0.0
-2.040 0.0 0.0 0.0 0.0 0.0 0.0 0.0 0.0
-2.000 0.0 0.0 0.0 0.0 0.0 0.0 0.0 0.0
-1.960 0.0 0.0 0.0 0.0 0.0 0.0 0.0 0.0
-1.920 0.0 0.0 0.0 0.0 0.0 0.0 0.0 0.0
-1.880 0.0 0.0 0.0 0.0 0.0 0.0 0.0 0.0
-1.840 0.0 0.0 0.0 0.0 0.0 0.0 0.0 0.0
-1.800 0.0 0.0 0.0 0.0 0.0 0.0 0.0 0.0
-1.760 0.0 0.0 0.0 0.0 0.0 0.0 0.0 0.0
-1.720 0.0 0.0 0.0 0.0 0.0 0.0 0.0 0.0
-1.680 0.0 0.0 0.0 0.0 0.0 0.0 0.0 0.0
-1.640 0.0 0.0 0.0 0.0 0.0 0.0 0.0 0.0
-1.600 0.0 0.0 0.0 0.0 0.0 0.0 0.0 0.0
-1.560 0.0 0.0 0.0 0.0 0.0 0.0 0.0 0.0
-1.520 0.0 0.0 0.0 0.0 0.0 0.0 0.0 0.0
-1.480 0.0 0.0 0.0 0.0 0.0 0.0 0.0 0.0
-1.440 0.0 0.0 0.0 0.0 0.0 0.0 0.0 0.0
-1.400 0.0 0.0 0.0 0.0 0.0 0.0 0.0 0.0
-1.360 0.0 0.0 0.0 0.0 0.0 0.0 0.0 0.0
-1.320 0.0 0.0 0.0 0.0 0.0 0.0 0.0 0.0
-1.280 0.0 0.0 0.0 0.0 0.0 0.0 0.0 0.0
-1.240 0.0 0.0 0.0 0.0 0.0 0.0 0.0 0.0
-1.200 0.0 0.0 0.0 0.0 0.0 0.0 0.0 0.0
-1.160 0.0 0.0 0.0 0.0 0.0 0.0 0.0 0.0
-1.120 0.0 0.0 0.0 0.0 0.0 0.0 0.0 0.0
-1.080 0.0 0.0 0.0 0.0 0.0 0.0 0.0 0.0
-1.040 0.0 0.0 0.0 0.0 0.0 0.0 0.0 0.0
-1.000 0.0 0.0 0.0 0.0 0.0 0.0 0.0 0.0
-0.960 0.0 0.0 0.0 0.0 0.0 0.0 0.0 0.0
-0.920 0.0 0.0 0.0 0.0 0.0 0.0 0.0 0.0
-0.880 0.0 0.0 0.0 0.0 0.0 0.0 0.0 0.0
-0.840 0.0 0.0 0.0 0.0 0.0 0.0 0.0 0.0
-0.800 0.0 0.0 0.0 0.0 0.0 0.0 0.0 0.0
-0.760 0.0 0.0 0.0 0.0 0.0 0.0 0.0 0.0
-0.720 0.0 0.0 0.0 0.0 0.0 0.0 0.0 0.0
-0.680 0.0 0.0 0.0 0.0 0.0 0.0 0.0 0.0
-0.640 0.0 0.0 0.0 0.0 0.0 0.0 0.0 0.0
-0.600 0.0 0.0 0.0 0.0 0.0 0.0 0.0 0.0
-0.560 0.0 0.0 0.0 0.0 0.0 0.0 0.0 0.0
-0.520 0.0 0.0 0.0 0.0 0.0 0.0 0.0 0.0
-0.480 0.0 0.0 0.0 0.0 0.0 0.0 0.0 0.0
-0.440 0.0 0.0 0.0 0.0 0.0 0.0 0.0 0.0
-0.400 0.0 0.0 0.0 0.0 0.0 0.0 0.0 0.0
-0.360 0.0 0.0 0.0 0.0 0.0 0.0 0.0 0.0
-0.320 0.0 0.0 0.0 0.0 0.0 0.0 0.0 0.0
-0.280 0.0 0.0 0.0 0.0 0.0 0.0 0.0 0.0
-0.240 0.0 0.0 0.0 0.0 0.0 0.0 0.0 0.0
-0.200 0.0 0.0 0.0 0.0 0.0 0.0 0.0 0.0
-0.160 0.0 0.0 0.0 0.0 0.0 0.0 0.0 0.0
-0.120 0.0 0.0 0.0 0.0 0.0 0.0 0.0 0.0
-0.080 0.0 0.0 0.0 0.0 0.0 0.0 0.0 0.0
-0.040 0.0 0.0 0.0 0.0 0.0 0.0 0.0 0.0
0.000 0.0 0.0 0.0 0.0 0.0 0.0 0.0 0.0
0.040 0.0 0.0 0.0 0.0 0.0 0.0 0.0 0.0
0.080 0.0 0.0 0.0 0.0 0.0 0.0 0.0 0.0
0.120 0.0 0.0 0.0 0.0 0.0 0.0 0.0 0.0
0.160 0.0 0.0 0.0 0.0 0.0 0.0 0.0 0.0
0.200 0.0 0.0 0.0 0.0 0.0 0.0 0.0 0.0
0.240 0.0 0.0 0.0 0.0 0.0 0.0 0.0 0.0
0.280 0.0 0.0 0.0 0.0 0.0 0.0 0.0 0.0
0.320 0.0 0.0 0.0 0.0 0.0 0.0 0.0 0.0
0.360 0.0 0.0 0.0 0.0 0.0 0.0 0.0 0.0
0.400 0.0 0.0 0.0 0.0 0.0 0.0 0.0 0.0
0.440 0.0 0.0 0.0 0.0 0.0 0.0 0.0 0.0
0.480 0.0 0.0 0.0 0.0 0.0 0.0 0.0 0.0
0.520 0.0 0.0 0.0 0.0 0.0 0.0 0.0 0.0
0.560 0.0 0.0 0.0 0.0 0.0 0.0 0.0 0.0
0.600 0.0 0.0 0.0 0.0 0.0 0.0 0.0 0.0
0.640 0.0 0.0 0.0 0.0 0.0 0.0 0.0 0.0
0.680 0.0 0.0 0.0 0.0 0.0 0.0 0.0 0.0
0.720 0.0 0.0 0.0 0.0 0.0 0.0 0.0 0.0
0.760 0.0 0.0 0.0 0.0 0.0 0.0 0.0 0.0
0.800 0.0 0.0 0.0 0.0 0.0 0.0 0.0 0.0
0.840 0.0 0.0 0.0 0.0 0.0 0.0 0.0 0.0
0.880 0.0 0.0 0.0 0.0 0.0 0.0 0.0 0.0
0.920 0.0 0.0 0.0 0.0 0.0 0.0 0.0 0.0
0.960 0.0 0.0 0.0 0.0 0.0 0.0 0.0 0.0
1.000 0.0 0.0 0.0 0.0 0.0 0.0 0.0 0.0
1.040 0.0 0.0 0.0 0.0 0.0 0.0 0.0 0.0
1.080 0.0 0.0 0.0 0.0 0.0 0.0 0.0 0.0
1.120 6.9153e-06 0.0 0.011608 0.0 0.0 0.0 0.0 0.0
1.160 0.00026686 0.000190972 0.31654 0.26746 0.0 0.0 0.0 0.0
1.200 0.00058218 0.0004672 0.51822 0.46232 0.0 0.0 0.0 0.0
1.240 0.00095225 0.00082584 0.67228 0.63386 0.0 0.0 0.0 0.0
1.280 0.00151046 0.00135598 1.00517 0.96304 0.0 0.0 0.0 0.0
1.320 0.0028821 0.0025183 2.1034 1.9712 0.0 0.0 0.0 0.0
1.360 0.0038339 0.0038447 2.5674 2.6344 0.0 0.0 0.0 0.0
1.400 0.0039441 0.0039737 2.2827 2.3577 0.0 0.0 0.0 0.0
1.440 0.005545 0.0050048 2.777 2.62 0.0 0.0 0.0 0.0
1.480 0.0080069 0.0076605 3.6536 3.6355 0.0 0.0 0.0 0.0
1.520 0.006115 0.0067079 2.4867 2.7271 0.0 0.0 0.0 0.0
1.560 0.00606 0.0060193 2.5126 2.5289 0.0 0.0 0.0 0.0
1.600 0.0093854 0.0089412 4.257 4.174 0.0 0.0 0.0 0.0
1.640 0.0106072 0.0106058 4.8262 4.9318 0.0 0.0 0.0 0.0
1.680 0.0080383 0.0079915 4.4977 4.6074 0.0 0.0 0.0 0.0
1.720 0.0117151 0.0117739 5.8431 6.0527 0.0 0.0 0.0 0.0
1.760 0.0127128 0.0136124 6.4437 6.8724 0.0 0.0 0.0 0.0
1.800 0.0106361 0.0108013 5.9985 6.0899 0.0 0.0 0.0 0.0
1.840 0.0125004 0.0121011 6.5975 6.57 0.0 0.0 0.0 0.0
1.880 0.017635 0.01699 7.6817 7.5023 0.0 0.0 0.0 0.0
1.920 0.018456 0.018389 7.4602 7.3544 0.0 0.0 0.0 0.0
1.960 0.019521 0.02036 7.6778 7.9111 0.0 0.0 0.0 0.0
2.000 0.022173 0.021663 8.1524 8.0848 0.0 0.0 0.0 0.0
2.040 0.028229 0.02882 9.5174 9.8091 0.0 0.0 0.0 0.0
2.080 0.018809 0.019631 6.3516 6.5612 0.0 0.0 0.0 0.0
2.120 0.026345 0.025831 8.4468 8.3123 0.0 0.0 0.0 0.0
2.160 0.021045 0.021391 6.2996 6.4154 0.0 0.0 0.0 0.0
2.200 0.024331 0.023341 7.3674 7.1433 0.0 0.0 0.0 0.0
2.240 0.022582 0.023301 6.3516 6.508 0.0 0.0 0.0 0.0
2.280 0.020596 0.021525 4.7968 4.9413 0.0 0.0 0.0 0.0
2.320 0.026662 0.022377 5.6944 4.6242 0.0 0.0 0.0 0.0
2.360 0.034375 0.032126 7.6124 7.2548 0.0 0.0 0.0 0.0
2.400 0.029723 0.028735 6.4608 6.1684 0.0 0.0 0.0 0.0
2.440 0.027591 0.028952 5.8493 6.0716 0.0 0.0 0.0 0.0
2.480 0.029011 0.027321 6.5348 6.0028 0.0 0.0 0.0 0.0
2.520 0.02941 0.032549 7.1262 7.4166 0.0 0.0 0.0 0.0
2.560 0.023116 0.027301 5.1952 6.1146 0.0 0.0 0.0 0.0
2.600 0.02389 0.025213 5.7926 5.9771 0.0 0.0 0.0 0.0
2.640 0.027921 0.028632 6.5528 6.6256 0.0 0.0 0.0 0.0
2.680 0.027981 0.027907 6.4852 6.2838 0.0 0.0 0.0 0.0
2.720 0.026738 0.027955 6.6154 6.8395 0.0 0.0 0.0 0.0
2.760 0.027398 0.025626 7.0456 6.3666 0.0 0.0 0.0 0.0
2.800 0.028053 0.029727 6.7586 6.8908 0.0 0.0 0.0 0.0
2.840 0.027166 0.03111 6.9096 7.7665 0.0 0.0 0.0 0.0
2.880 0.02486 0.025538 6.2778 6.5048 0.0 0.0 0.0 0.0
2.920 0.024324 0.024951 6.1384 6.1297 0.0 0.0 0.0 0.0
2.960 0.02398 0.024597 6.0799 6.0714 0.0 0.0 0.0 0.0
3.000 0.023122 0.022701 5.9901 5.7522 0.0 0.0 0.0 0.0
3.040 0.021552 0.019831 6.1154 5.3768 0.0 0.0 0.0 0.0
3.080 0.024508 0.026554 7.3856 7.5146 0.0 0.0 0.0 0.0
3.120 0.031356 0.024639 8.8533 6.7222 0.0 0.0 0.0 0.0
3.160 0.020778 0.02419 6.2983 7.1638 0.0 0.0 0.0 0.0
3.200 0.022705 0.02626 6.6815 7.6011 0.0 0.0 0.0 0.0
3.240 0.0102996 0.012098 3.002 3.4388 0.0 0.0 0.0 0.0
3.280 0.022353 0.0193239 8.9201 7.1493 0.0 0.0 0.0 0.0
3.320 0.026633 0.021405 11.4576 8.8997 0.0 0.0 0.0 0.0
3.360 0.014087 0.020548 5.8739 8.8675 0.0 0.0 0.0 0.0
3.400 0.019848 0.028792 8.0147 11.9461 0.0 0.0 0.0 0.0
3.440 0.017275 0.019196 7.5398 7.8095 0.0 0.0 0.0 0.0
3.480 0.021561 0.0187368 11.6865 9.0438 0.0 0.0 0.0 0.0
3.520 0.01791 0.022435 10.5258 12.031 0.0 0.0 0.0 0.0
3.560 0.020681 0.021596 14.2789 13.6819 0.0 0.0 0.0 0.0
3.600 0.0118153 0.0143824 8.7145 9.0393 0.0 0.0 0.0 0.0
3.640 0.0154715 0.0162458 9.9149 10.339 0.0 0.0 0.0 0.0
3.680 0.0142447 0.0118691 9.9274 7.6131 0.0 0.0 0.0 0.0
3.720 0.0107039 0.0117978 7.8844 8.8529 0.0 0.0 0.0 0.0
3.760 0.0129593 0.0112086 9.1274 7.1183 0.0 0.0 0.0 0.0
3.800 0.0113024 0.0107396 8.7345 8.2445 0.0 0.0 0.0 0.0
3.840 0.0125231 0.0169489 11.1291 13.1203 0.0 0.0 0.0 0.0
3.880 0.011739 0.0110981 10.3754 9.7884 0.0 0.0 0.0 0.0
3.920 0.0093405 0.0117719 9.4312 10.4704 0.0 0.0 0.0 0.0
3.960 0.007911 0.0125238 10.7304 13.4855 0.0 0.0 0.0 0.0
4.000 0.0053744 0.005677 9.0069 9.1243 0.0 0.0 0.0 0.0
4.040 0.0061849 0.0086187 8.679 13.0089 0.0 0.0 0.0 0.0
4.080 0.0051112 0.0049059 9.8907 7.9848 0.0 0.0 0.0 0.0
4.120 0.00182669 0.0025046 4.9874 6.0872 0.0 0.0 0.0 0.0
4.160 0.0 4.26266e-05 0.0 0.12892 0.0 0.0 0.0 0.0
4.200 0.0 0.0 0.0 0.0 0.0 0.0 0.0 0.0
4.240 0.0 0.0 0.0 0.0 0.0 0.0 0.0 0.0
4.280 0.0 0.0 0.0 0.0 0.0 0.0 0.0 0.0
4.320 0.0 0.0 0.0 0.0 0.0 0.0 0.0 0.0
4.360 0.0 0.0 0.0 0.0 0.0 0.0 0.0 0.0
4.400 0.0 0.0 0.0 0.0 0.0 0.0 0.0 0.0
4.440 0.0 0.0 0.0 0.0 0.0 0.0 0.0 0.0
4.480 0.0 0.0 0.0 0.0 0.0 0.0 0.0 0.0
4.520 0.0 0.0 0.0 0.0 0.0 0.0 0.0 0.0
4.560 0.0 0.0 0.0 0.0 0.0 0.0 0.0 0.0
4.600 0.0 0.0 0.0 0.0 0.0 0.0 0.0 0.0
4.640 0.0 0.0 0.0 0.0 0.0 0.0 0.0 0.0
4.680 0.0 0.0 0.0 0.0 0.0 0.0 0.0 0.0
4.720 0.0 0.0 0.0 0.0 0.0 0.0 0.0 0.0
4.760 0.0 0.0 0.0 0.0 0.0 0.0 0.0 0.0
4.800 0.0 0.0 0.0 0.0 0.0 0.0 0.0 0.0
4.840 0.0 0.0 0.0 0.0 0.0 0.0 0.0 0.0
4.880 0.0 0.0 0.0 0.0 0.0 0.0 0.0 0.0
4.920 0.0 0.0 0.0 0.0 0.0 0.0 0.0 0.0
4.960 0.0 0.0 0.0 0.0 0.0 0.0 0.0 0.0
5.000 0.0 0.0 0.0 0.0 0.0 0.0 0.0 0.0
5.040 0.0 0.0 0.0 0.0 0.0 0.0 0.0 0.0
5.080 0.0 0.0 0.0 0.0 0.0 0.0 0.0 0.0
5.120 0.0 0.0 0.0 0.0 0.0 0.0 0.0 0.0
5.160 0.0 0.0 0.0 0.0 0.0 0.0 0.0 0.0
5.200 0.0 0.0 0.0 0.0 0.0 0.0 0.0 0.0
5.240 0.0 0.0 0.0 0.0 0.0 0.0 0.0 0.0
5.280 0.0 0.0 0.0 0.0 0.0 0.0 0.0 0.0
5.320 0.0 0.0 0.0 0.0 0.0 0.0 0.0 0.0
5.360 0.0 0.0 0.0 0.0 0.0 0.0 0.0 0.0
5.400 0.0 0.0 0.0 0.0 0.0 0.0 0.0 0.0
5.440 0.0 0.0 0.0 0.0 0.0 0.0 0.0 0.0
5.480 0.0 0.0 0.0 0.0 0.0 0.0 0.0 0.0
5.520 0.0 0.0 0.0 0.0 0.0 0.0 0.0 0.0
5.560 0.0 0.0 0.0 0.0 0.0 0.0 0.0 0.0
5.600 0.0 0.0 0.0 0.0 0.0 0.0 0.0 0.0
5.640 0.0 0.0 0.0 0.0 0.0 0.0 0.0 0.0
5.680 0.0 0.0 0.0 0.0 0.0 0.0 0.0 0.0
5.720 0.0 0.0 0.0 0.0 0.0 0.0 0.0 0.0
5.760 0.0 0.0 0.0 0.0 0.0 0.0 0.0 0.0
5.800 0.0 0.0 0.0 0.0 0.0 0.0 0.0 0.0
5.840 0.0 0.0 0.0 0.0 0.0 0.0 0.0 0.0
5.880 0.0 0.0 0.0 0.0 0.0 0.0 0.0 0.0
5.920 0.0 0.0 0.0 0.0 0.0 0.0 0.0 0.0
5.960 0.0 0.0 0.0 0.0 0.0 0.0 0.0 0.0
6.000 0.0 0.0 0.0 0.0 0.0 0.0 0.0 0.0
6.040 0.0 0.0 0.0 0.0 0.0 0.0 0.0 0.0
6.080 0.0 0.0 0.0 0.0 0.0 0.0 0.0 0.0
6.120 0.0 0.0 0.0 0.0 0.0 0.0 0.0 0.0
6.160 0.0 0.0 0.0 0.0 0.0 0.0 0.0 0.0
6.200 0.0 0.0 0.0 0.0 0.0 0.0 0.0 0.0
6.240 0.0 0.0 0.0 0.0 0.0 0.0 0.0 0.0
6.280 0.0 0.0 0.0 0.0 0.0 0.0 0.0 0.0
6.320 0.0 0.0 0.0 0.0 0.0 0.0 0.0 0.0
6.360 0.0 0.0 0.0 0.0 0.0 0.0 0.0 0.0
6.400 0.0 0.0 0.0 0.0 0.0 0.0 0.0 0.0
6.440 0.0 0.0 0.0 0.0 0.0 0.0 0.0 0.0
6.480 0.0 0.0 0.0 0.0 0.0 0.0 0.0 0.0
6.520 0.0 0.0 0.0 0.0 0.0 0.0 0.0 0.0
6.560 0.0 0.0 0.0 0.0 0.0 0.0 0.0 0.0
6.600 0.0 0.0 0.0 0.0 0.0 0.0 0.0 0.0
6.640 0.0 0.0 0.0 0.0 0.0 0.0 0.0 0.0
6.680 0.0 0.0 0.0 0.0 0.0 0.0 0.0 0.0
6.720 0.0 0.0 0.0 0.0 0.0 0.0 0.0 0.0
6.760 0.0 0.0 0.0 0.0 0.0 0.0 0.0 0.0
6.800 0.0 0.0 0.0 0.0 0.0 0.0 0.0 0.0
6.840 0.0 0.0 0.0 0.0 0.0 0.0 0.0 0.0
6.880 0.0 0.0 0.0 0.0 0.0 0.0 0.0 0.0
6.920 0.0052564 0.0 0.053689 0.0 0.0 0.0 0.0 0.0
6.960 0.00028404 0.0 0.0025329 0.0 0.0 0.0 0.0 0.0
7.000 0.0063177 0.0 0.161091 0.0 0.0 0.0 0.0 0.0
7.040 0.0088348 0.0 0.20764 0.0 0.0 0.0 0.0 0.0
7.080 0.0031008 0.0 0.18988 0.0 0.0 0.0 0.0 0.0
7.120 0.005497 0.0 0.160025 0.0 0.0 0.0 0.0 0.0
7.160 0.0032103 0.0 0.117338 0.0 0.0 0.0 0.0 0.0
7.200 0.007776 0.0 0.29634 0.0 0.0 0.0 0.0 0.0
7.240 0.0111858 0.0 0.34847 0.0 0.0 0.0 0.0 0.0
7.280 0.016847 0.0 0.49093 0.0 0.0 0.0 0.0 0.0
7.320 0.021193 0.0 0.43155 0.0 0.0 0.0 0.0 0.0
7.360 0.032785 0.0 0.5351 0.0 0.0 0.0 0.0 0.0
7.400 0.039021 0.0095104 0.967 0.13603 0.0 0.0 0.0 0.0
7.440 0.022172 0.0075502 0.77505 0.29199 0.0 0.0 0.0 0.0
7.480 0.0 0.0068193 0.0 0.26919 0.0 0.0 0.0 0.0
7.520 0.0 0.0085504 0.0 0.45562 0.0 0.0 0.0 0.0
7.560 0.0 0.007693 0.0 0.54202 0.0 0.0 0.0 0.0
7.600 0.0 0.0057339 0.0 0.25812 0.0 0.0 0.0 0.0
7.640 0.0 0.0120434 0.0 0.7253 0.0 0.0 0.0 0.0
7.680 0.0 0.0200665 0.0 0.60346 0.0 0.0 0.0 0.0
7.720 0.0 0.040045 0.0 0.81349 0.0 0.0 0.0 0.0
7.760 0.0 0.024032 0.0 0.51838 0.0 0.0 0.0 0.0
7.800 0.0 0.028185 0.0 0.73043 0.0 0.0 0.0 0.0
7.840 0.0 0.0 0.0 0.0 0.0 0.0 0.0 0.0
7.880 0.0 0.0 0.0 0.0 0.0 0.0 0.0 0.0
7.920 0.0 0.0 0.0 0.0 0.0 0.0 0.0 0.0
7.960 0.0 0.0 0.0 0.0 0.0 0.0 0.0 0.0
8.000 0.0 0.0 0.0 0.0 0.0 0.0 0.0 0.0
8.040 0.0 0.0 0.0 0.0 0.0 0.0 0.0 0.0
8.080 0.0 0.0 0.0 0.0 0.0 0.0 0.0 0.0
8.120 0.0 0.0 0.0 0.0 0.0 0.0 0.0 0.0
8.160 0.0 0.0 0.0 0.0 0.0 0.0 0.0 0.0
8.200 0.0 0.0 0.0 0.0 0.0 0.0 0.0 0.0
8.240 0.0 0.0 0.0 0.0 0.0 0.0 0.0 0.0
8.280 0.0 0.0 0.0 0.0 0.0 0.0 0.0 0.0
8.320 0.0 0.0 0.0 0.0 0.0 0.0 0.0 0.0
8.360 0.0 0.0 0.0 0.0 0.0 0.0 0.0 0.0
8.400 0.0 0.0 0.0 0.0 0.0 0.0 0.0 0.0
8.440 0.0 0.0 0.0 0.0 0.0 0.0 0.0 0.0
8.480 0.0 0.0 0.0 0.0 0.0 0.0 0.0 0.0
8.520 0.0 0.0 0.0 0.0 0.0 0.0 0.0 0.0
8.560 0.0 0.0 0.0 0.0 0.0 0.0 0.0 0.0
8.600 0.0 0.0 0.0 0.0 0.0 0.0 0.0 0.0
8.640 0.0 0.0 0.0 0.0 0.0 0.0 0.0 0.0
8.680 0.0 0.0 0.0 0.0 0.0 0.0 0.0 0.0
8.720 0.0 0.0 0.0 0.0 0.0 0.0 0.0 0.0
8.760 0.0 0.0 0.0 0.0 0.0 0.0 0.0 0.0
8.800 0.0 0.0 0.0 0.0 0.0 0.0 0.0 0.0
8.840 0.0 0.0 0.0 0.0 0.0 0.0 0.0 0.0
8.880 0.0 0.0 0.0 0.0 0.0 0.0 0.0 0.0
8.920 0.0 0.0 0.0 0.0 0.0 0.0 0.0 0.0
8.960 0.0 0.0 0.0 0.0 0.0 0.0 0.0 0.0
9.000 0.0 0.0 0.0 0.0 0.0 0.0 0.0 0.0
9.040 0.0 0.0 0.0 0.0 0.0 0.0 0.0 0.0
9.080 0.0 0.0 0.0 0.0 0.0 0.0 0.0 0.0
9.120 0.0 0.0 0.0 0.0 0.0 0.0 0.0 0.0
9.160 0.0 0.0 0.0 0.0 0.0 0.0 0.0 0.0
9.200 0.0 0.0 0.0 0.0 0.0 0.0 0.0 0.0
9.240 0.0 0.0 0.0 0.0 0.0 0.0 0.0 0.0
9.280 0.0 0.0 0.0 0.0 0.0 0.0 0.0 0.0
9.320 0.0 0.0 0.0 0.0 0.0 0.0 0.0 0.0
9.360 0.0 0.0 0.0 0.0 0.0 0.0 0.0 0.0
9.400 0.0 0.0 0.0 0.0 0.0 0.0 0.0 0.0
9.440 0.0 0.0 0.0 0.0 0.0 0.0 0.0 0.0
9.480 0.0 0.0 0.0 0.0 0.0 0.0 0.0 0.0
9.520 0.0 0.0 0.0 0.0 0.0 0.0 0.0 0.0
9.560 0.0 0.0 0.0 0.0 0.0 0.0 0.0 0.0
9.600 0.0 0.0 0.0 0.0 0.0 0.0 0.0 0.0
9.640 0.0 0.0 0.0 0.0 0.0 0.0 0.0 0.0
9.680 0.0 0.0 0.0 0.0 0.0 0.0 0.0 0.0
9.720 0.0 0.0 0.0 0.0 0.0 0.0 0.0 0.0
9.760 0.0 0.0 0.0 0.0 0.0 0.0 0.0 0.0
9.800 0.0 0.0 0.0 0.0 0.0 0.0 0.0 0.0
9.840 0.0 0.0 0.0 0.0 0.0 0.0 0.0 0.0
9.880 0.0 0.0 0.0 0.0 0.0 0.0 0.0 0.0
9.920 0.0 0.0 0.0 0.0 0.0 0.0 0.0 0.0
9.960 0.0 0.0 0.0 0.0 0.0 0.0 0.0 0.0
10.000 0.0 0.0 0.0 0.0 0.0 0.0 0.0 0.0
10.040 0.0 0.0 0.0 0.0 0.0 0.0 0.0 0.0
10.080 0.0 0.0 0.0 0.0 0.0 0.0 0.0 0.0
10.120 0.0 0.0 0.0 0.0 0.0 0.0 0.0 0.0
10.160 0.0 0.0 0.0 0.0 0.0 0.0 0.0 0.0
10.200 0.0 0.0 0.0 0.0 0.0 0.0 0.0 0.0
10.240 0.0 0.0 0.0 0.0 0.0 0.0 0.0 0.0
10.280 0.0 0.0 0.0 0.0 0.0 0.0 0.0 0.0
10.320 0.0 0.0 0.0 0.0 0.0 0.0 0.0 0.0
10.360 0.0 0.0 0.0 0.0 0.0 0.0 0.0 0.0
10.400 0.0 0.0 0.0 0.0 0.0 0.0 0.0 0.0
10.440 0.0 0.0 0.0 0.0 0.0 0.0 0.0 0.0
10.480 0.0 0.0 0.0 0.0 0.0 0.0 0.0 0.0
10.520 0.0 0.0 0.0 0.0 0.0 0.0 0.0 0.0
10.560 0.0 0.0 0.0 0.0 0.0 0.0 0.0 0.0
10.600 0.0 0.0 0.0 0.0 0.0 0.0 0.0 0.0
10.640 0.0 0.0 0.0 0.0 0.0 0.0 0.0 0.0
10.680 0.0 0.0 0.0 0.0 0.0 0.0 0.0 0.0
10.720 0.0 0.0 0.0 0.0 0.0 0.0 0.0 0.0
10.760 0.0 0.0 0.0 0.0 0.0 0.0 0.0 0.0
10.800 0.0 0.0 0.0 0.0 0.0 0.0 0.0 0.0
10.840 0.0 0.0 0.0 0.0 0.0 0.0 0.0 0.0
10.880 0.0 0.0 0.0 0.0 0.0 0.0 0.0 0.0
10.920 0.0 0.0 0.0 0.0 0.0 0.0 0.0 0.0
10.960 0.0 0.0 0.0 0.0 0.0 0.0 0.0 0.0
11.000 0.0 0.0 0.0 0.0 0.0 0.0 0.0 0.0
11.040 0.0 0.0 0.0 0.0 0.0 0.0 0.0 0.0
11.080 0.0 0.0 0.0 0.0 0.0 0.0 0.0 0.0
11.120 0.0 0.0 0.0 0.0 0.0 0.0 0.0 0.0
11.160 0.0 0.0 0.0 0.0 0.0 0.0 0.0 0.0
11.200 0.0 0.0 0.0 0.0 0.0 0.0 0.0 0.0
11.240 0.0 0.0 0.0 0.0 0.0 0.0 0.0 0.0
11.280 0.0 0.0 0.0 0.0 0.0 0.0 0.0 0.0
11.320 0.0 0.0 0.0 0.0 0.0 0.0 0.0 0.0
11.360 0.0 0.0 0.0 0.0 0.0 0.0 0.0 0.0
11.400 0.0 0.0 0.0 0.0 0.0 0.0 0.0 0.0
11.440 0.0 0.0 0.0 0.0 0.0 0.0 0.0 0.0
11.480 0.0 0.0 0.0 0.0 0.0 0.0 0.0 0.0
11.520 0.0 0.0 0.0 0.0 0.0 0.0 0.0 0.0
11.560 0.0 0.0 0.0 0.0 0.0 0.0 0.0 0.0
11.600 0.0 0.0 0.0 0.0 0.0 0.0 0.0 0.0
11.640 0.0 0.0 0.0 0.0 0.0 0.0 0.0 0.0
11.680 0.0 0.0 0.0 0.0 0.0 0.0 0.0 0.0
11.720 0.0 0.0 0.0 0.0 0.0 0.0 0.0 0.0
11.760 0.0 0.0 0.0 0.0 0.0 0.0 0.0 0.0
11.800 0.0 0.0 0.0 0.0 0.0 0.0 0.0 0.0
11.840 0.0 0.0 0.0 0.0 0.0 0.0 0.0 0.0
11.880 0.0 0.0 0.0 0.0 0.0 0.0 0.0 0.0
11.920 0.0 0.0 0.0 0.0 0.0 0.0 0.0 0.0
11.960 0.0 0.0 0.0 0.0 0.0 0.0 0.0 0.0
12.000 0.0 0.0 0.0 0.0 0.0 0.0 0.0 0.0
12.040 0.0 0.0 0.0 0.0 0.0 0.0 0.0 0.0
12.080 0.0 0.0 0.0 0.0 0.0 0.0 0.0 0.0
12.120 0.0 0.0 0.0 0.0 0.0 0.0 0.0 0.0
12.160 0.0 0.0 0.0 0.0 0.0 0.0 0.0 0.0
12.200 0.0 0.0 0.0 0.0 0.0 0.0 0.0 0.0
12.240 0.0 0.0 0.0 0.0 0.0 0.0 0.0 0.0
12.280 0.0 0.0 0.0 0.0 0.0 0.0 0.0 0.0
12.320 0.0 0.0 0.0 0.0 0.0 0.0 0.0 0.0
12.360 0.0 0.0 0.0 0.0 0.0 0.0 0.0 0.0
12.400 0.0 0.0 0.0 0.0 0.0 0.0 0.0 0.0
12.440 0.0 0.0 0.0 0.0 0.0 0.0 0.0 0.0
12.480 0.0 0.0 0.0 0.0 0.0 0.0 0.0 0.0
12.520 0.0 0.0 0.0 0.0 0.0 0.0 0.0 0.0
12.560 0.0 0.0 0.0 0.0 0.0 0.0 0.0 0.0
12.600 0.0 0.0 0.0 0.0 0.0 0.0 0.0 0.0
12.640 0.0 0.0 0.0 0.0 0.0 0.0 0.0 0.0
12.680 0.0 0.0 0.0 0.0 0.0 0.0 0.0 0.0
12.720 0.0 0.0 0.0 0.0 0.0 0.0 0.0 0.0
12.760 0.0 0.0 0.0 0.0 0.0 0.0 0.0 0.0
12.800 0.0 0.0 0.0 0.0 0.0 0.0 0.0 0.0
12.840 0.0 0.0 0.0 0.0 0.0 0.0 0.0 0.0
12.880 0.0 0.0 0.0 0.0 0.0 0.0 0.0 0.0
12.920 0.0 0.0 0.0 0.0 0.0 0.0 0.0 0.0
12.960 0.0 0.0 0.0 0.0 0.0 0.0 0.0 0.0
13.000 0.0 0.0 0.0 0.0 0.0 0.0 0.0 0.0
13.040 0.0 0.0 0.0 0.0 0.0 0.0 0.0 0.0
13.080 0.0 0.0 0.0 0.0 0.0 0.0 0.0 0.0
13.120 0.0 0.0 0.0 0.0 0.0 0.0 0.0 0.0
13.160 0.0 0.0 0.0 0.0 0.0 0.0 0.0 0.0
13.200 0.0 0.0 0.0 0.0 0.0 0.0 0.0 0.0
13.240 0.0 0.0 0.0 0.0 0.0 0.0 0.0 0.0
13.280 0.0 0.0 0.0 0.0 0.0 0.0 0.0 0.0
13.320 0.0 0.0 0.0 0.0 0.0 0.0 0.0 0.0
13.360 0.0 0.0 0.0 0.0 0.0 0.0 0.0 0.0
13.400 0.0 0.0 0.0 0.0 0.0 0.0 0.0 0.0
13.440 0.0 0.0 0.0 0.0 0.0 0.0 0.0 0.0
13.480 0.0 0.0 0.0 0.0 0.0 0.0 0.0 0.0
13.520 0.0 0.0 0.0 0.0 0.0 0.0 0.0 0.0
13.560 0.0 0.0 0.0 0.0 0.0 0.0 0.0 0.0
13.600 0.0 0.0 0.0 0.0 0.0 0.0 0.0 0.0
13.640 0.0 0.0 0.0 0.0 0.0 0.0 0.0 0.0
13.680 0.0 0.0 0.0 0.0 0.0 0.0 0.0 0.0
13.720 0.0 0.0 0.0 0.0 0.0 0.0 0.0 0.0
13.760 0.0 0.0 0.0 0.0 0.0 0.0 0.0 0.0
13.800 0.0 0.0 0.0 0.0 0.0 0.0 0.0 0.0
13.840 0.0 0.0 0.0 0.0 0.0 0.0 0.0 0.0
13.880 0.0 0.0 0.0 0.0 0.0 0.0 0.0 0.0
13.920 0.0 0.0 0.0 0.0 0.0 0.0 0.0 0.0
13.960 0.0 0.0 0.0 0.0 0.0 0.0 0.0 0.0
14.000 0.0 0.0 0.0 0.0 0.0 0.0 0.0 0.0
14.040 0.0 0.0 0.0 0.0 0.0 0.0 0.0 0.0
14.080 0.0 0.0 0.0 0.0 0.0 0.0 0.0 0.0
14.120 0.0 0.0 0.0 0.0 0.0 0.0 0.0 0.0
14.160 0.0 0.0 0.0 0.0 0.0 0.0 0.0 0.0
14.200 0.0 0.0 0.0 0.0 0.0 0.0 0.0 0.0
14.240 0.0 0.0 0.0 0.0 0.0 0.0 0.0 0.0
14.280 0.0 0.0 0.0 0.0 0.0 0.0 0.0 0.0
14.320 0.0 0.0 0.0 0.0 0.0 0.0 0.0 0.0
14.360 0.0 0.0 0.0 0.0 0.0 0.0 0.0 0.0
14.400 0.0 0.0 0.0 0.0 0.0 0.0 0.0 0.0
14.440 0.0 0.0 0.0 0.0 0.0 0.0 0.0 0.0
14.480 0.0 0.0 0.0 0.0 0.0 0.0 0.0 0.0
14.520 0.0 0.0 0.0 0.0 0.0 0.0 0.0 0.0
14.560 0.0 0.0 0.0 0.0 0.0 0.0 0.0 0.0
14.600 0.0 0.0 0.0 0.0 0.0 0.0 0.0 0.0
14.640 0.0 0.0 0.0 0.0 0.0 0.0 0.0 0.0
14.680 0.0 0.0 0.0 0.0 0.0 0.0 0.0 0.0
14.720 0.0 0.0 0.0 0.0 0.0 0.0 0.0 0.0
14.760 0.0 0.0 0.0 0.0 0.0 0.0 0.0 0.0
14.800 0.0 0.0 0.0 0.0 0.0 0.0 0.0 0.0
14.840 0.0 0.0 0.0 0.0 0.0 0.0 0.0 0.0
14.880 0.0 0.0 0.0 0.0 0.0 0.0 0.0 0.0
14.920 0.0 0.0 0.0 0.0 0.0 0.0 0.0 0.0
14.960 0.0 0.0 0.0 0.0 0.0 0.0 0.0 0.0
15.000 0.0 0.0 0.0 0.0 0.0 0.0 0.0 0.0
15.040 0.0 0.0 0.0 0.0 0.0 0.0 0.0 0.0
15.080 0.0 0.0 0.0 0.0 0.0 0.0 0.0 0.0
15.120 0.0 0.0 0.0 0.0 0.0 0.0 0.0 0.0
15.160 0.0 0.0 0.0 0.0 0.0 0.0 0.0 0.0
15.200 0.0 0.0 0.0 0.0 0.0 0.0 0.0 0.0
15.240 0.0 0.0 0.0 0.0 0.0 0.0 0.0 0.0
15.280 0.0 0.0 0.0 0.0 0.0 0.0 0.0 0.0
15.320 0.0 0.0 0.0 0.0 0.0 0.0 0.0 0.0
15.360 0.0 0.0 0.0 0.0 0.0 0.0 0.0 0.0
15.400 0.0 0.0 0.0 0.0 0.0 0.0 0.0 0.0
15.440 0.0 0.0 0.0 0.0 0.0 0.0 0.0 0.0
15.480 0.0 0.0 0.0 0.0 0.0 0.0 0.0 0.0
15.520 0.0 0.0 0.0 0.0 0.0 0.0 0.0 0.0
15.560 0.0 0.0 0.0 0.0 0.0 0.0 0.0 0.0
15.600 0.0 0.0 0.0 0.0 0.0 0.0 0.0 0.0
15.640 0.0 0.0 0.0 0.0 0.0 0.0 0.0 0.0
15.680 0.0 0.0 0.0 0.0 0.0 0.0 0.0 0.0
15.720 0.0 0.0 0.0 0.0 0.0 0.0 0.0 0.0
15.760 0.0 0.0 0.0 0.0 0.0 0.0 0.0 0.0
15.800 0.0 0.0 0.0 0.0 0.0 0.0 0.0 0.0
15.840 0.0 0.0 0.0 0.0 0.0 0.0 0.0 0.0
15.880 0.0 0.0 0.0 0.0 0.0 0.0 0.0 0.0
15.920 0.0 0.0 0.0 0.0 0.0 0.0 0.0 0.0
15.960 0.0 0.0 0.0 0.0 0.0 0.0 0.0 0.0
16.000 0.0 0.0 0.0 0.0 0.0 0.0 0.0 0.0
16.040 0.0 0.0 0.0 0.0 0.0 0.0 0.0 0.0
16.080 0.0 0.0 0.0 0.0 0.0 0.0 0.0 0.0
16.120 0.0 0.0 0.0 0.0 0.0 0.0 0.0 0.0
16.160 0.0 0.0 0.0 0.0 0.0 0.0 0.0 0.0
16.200 0.0 0.0 0.0 0.0 0.0 0.0 0.0 0.0
16.240 0.0 0.0 0.0 0.0 0.0 0.0 0.0 0.0
16.280 0.0 0.0 0.0 0.0 0.0 0.0 0.0 0.0
16.320 0.0 0.0 0.0 0.0 0.0 0.0 0.0 0.0
16.360 0.0 0.0 0.0 0.0 0.0 0.0 0.0 0.0
16.400 0.0 0.0 0.0 0.0 0.0 0.0 0.0 0.0
16.440 0.0 0.0 0.0 0.0 0.0 0.0 0.0 0.0
16.480 0.0 0.0 0.0 0.0 0.0 0.0 0.0 0.0
16.520 0.0 0.0 0.0 0.0 0.0 0.0 0.0 0.0
16.560 0.0 0.0 0.0 0.0 0.0 0.0 0.0 0.0
16.600 0.0 0.0 0.0 0.0 0.0 0.0 0.0 0.0
16.640 0.0 0.0 0.0 0.0 0.0 0.0 0.0 0.0
16.680 0.0 0.0 0.0 0.0 0.0 0.0 0.0 0.0
16.720 0.0 0.0 0.0 0.0 0.0 0.0 0.0 0.0
16.760 0.0 0.0 0.0 0.0 0.0 0.0 0.0 0.0
16.800 0.0 0.0 0.0 0.0 0.0 0.0 0.0 0.0
16.840 0.0 0.0 0.0 0.0 0.0 0.0 0.0 0.0
16.880 0.0 0.0 0.0 0.0 0.0 0.0 0.0 0.0
16.920 0.0 0.0 0.0 0.0 0.0 0.0 0.0 0.0
16.960 0.0 0.0 0.0 0.0 0.0 0.0 0.0 0.0
17.000 0.0 0.0 0.0 0.0 0.0 0.0 0.0 0.0
17.040 0.0 0.0 0.0 0.0 0.0 0.0 0.0 0.0
17.080 0.0 0.0 0.0 0.0 0.0 0.0 0.0 0.0
17.120 0.0 0.0 0.0 0.0 0.0 0.0 0.0 0.0
17.160 0.0 0.0 0.0 0.0 0.0 0.0 0.0 0.0
17.200 0.0 0.0 0.0 0.0 0.0 0.0 0.0 0.0
17.240 0.0 0.0 0.0 0.0 0.0 0.0 0.0 0.0
17.280 0.0 0.0 0.0 0.0 0.0 0.0 0.0 0.0
17.320 0.0 0.0 0.0 0.0 0.0 0.0 0.0 0.0
17.360 0.0 0.0 0.0 0.0 0.0 0.0 0.0 0.0
17.400 0.0 0.0 0.0 0.0 0.0 0.0 0.0 0.0
17.440 0.0 0.0 0.0 0.0 0.0 0.0 0.0 0.0
17.480 0.0 0.0 0.0 0.0 0.0 0.0 0.0 0.0
17.520 0.0 0.0 0.0 0.0 0.0 0.0 0.0 0.0
17.560 0.0 0.0 0.0 0.0 0.0 0.0 0.0 0.0
17.600 0.0 0.0 0.0 0.0 0.0 0.0 0.0 0.0
17.640 0.0 0.0 0.0 0.0 0.0 0.0 0.0 0.0
17.680 0.0 0.0 0.0 0.0 0.0 0.0 0.0 0.0
17.720 0.0 0.0 0.0 0.0 0.0 0.0 0.0 0.0
17.760 0.0 0.0 0.0 0.0 0.0 0.0 0.0 0.0
17.800 0.0 0.0 0.0 0.0 0.0 0.0 0.0 0.0
17.840 0.0 0.0 0.0 0.0 0.0 0.0 0.0 0.0
17.880 0.0 0.0 0.0 0.0 0.0 0.0 0.0 0.0
17.920 0.0 0.0 0.0 0.0 0.0 0.0 0.0 0.0
17.960 0.0 0.0 0.0 0.0 0.0 0.0 0.0 0.0
18.000 0.0 0.0 0.0 0.0 0.0 0.0 0.0 0.0
18.040 0.0 0.0 0.0 0.0 0.0 0.0 0.0 0.0
18.080 0.0 0.0 0.0 0.0 0.0 0.0 0.0 0.0
18.120 0.0 0.0 0.0 0.0 0.0 0.0 0.0 0.0
18.160 0.0 0.0 0.0 0.0 0.0 0.0 0.0 0.0
18.200 0.0 0.0 0.0 0.0 0.0 0.0 0.0 0.0
18.240 0.0 0.0 0.0 0.0 0.0 0.0 0.0 0.0
18.280 0.0 0.0 0.0 0.0 0.0 0.0 0.0 0.0
18.320 0.0 0.0 0.0 0.0 0.0 0.0 0.0 0.0
18.360 0.0 0.0 0.0 0.0 0.0 0.0 0.0 0.0
18.400 0.0 0.0 0.0 0.0 0.0 0.0 0.0 0.0
18.440 0.0 0.0 0.0 0.0 0.0 0.0 0.0 0.0
18.480 0.0 0.0 0.0 0.0 0.0 0.0 0.0 0.0
18.520 0.0 0.0 0.0 0.0 0.0 0.0 0.0 0.0
18.560 0.0 0.0 0.0 0.0 0.0 0.0 0.0 0.0
18.600 0.0 0.0 0.0 0.0 0.0 0.0 0.0 0.0
18.640 0.0 0.0 0.0 0.0 0.0 0.0 0.0 0.0
18.680 0.0 0.0 0.0 0.0 0.0 0.0 0.0 0.0
18.720 0.0 0.0 0.0 0.0 0.0 0.0 0.0 0.0
18.760 0.0 0.0 0.0 0.0 0.0 0.0 0.0 0.0
18.800 0.0 0.0 0.0 0.0 0.0 0.0 0.0 0.0
18.840 0.0 0.0 0.0 0.0 0.0 0.0 0.0 0.0
18.880 0.0 0.0 0.0 0.0 0.0 0.0 0.0 0.0
18.920 0.0 0.0 0.0 0.0 0.0 0.0 0.0 0.0
18.960 0.0 0.0 0.0 0.0 0.0 0.0 0.0 0.0
19.000 0.0 0.0 0.0 0.0 0.0 0.0 0.0 0.0
19.040 0.0 0.0 0.0 0.0 0.0 0.0 0.0 0.0
19.080 0.0 0.0 0.0 0.0 0.0 0.0 0.0 0.0
19.120 0.0 0.0 0.0 0.0 0.0 0.0 0.0 0.0
19.160 0.0 0.0 0.0 0.0 0.0 0.0 0.0 0.0
19.200 0.0 0.0 0.0 0.0 0.0 0.0 0.0 0.0
19.240 0.0 0.0 0.0 0.0 0.0 0.0 0.0 0.0
19.280 0.0 0.0 0.0 0.0 0.0 0.0 0.0 0.0
19.320 0.0 0.0 0.0 0.0 0.0 0.0 0.0 0.0
19.360 0.0 0.0 0.0 0.0 0.0 0.0 0.0 0.0
19.400 0.0 0.0 0.0 0.0 0.0 0.0 0.0 0.0
19.440 0.0 0.0 0.0 0.0 0.0 0.0 0.0 0.0
19.480 0.0 0.0 0.0 0.0 0.0 0.0 0.0 0.0
19.520 0.0 0.0 0.0 0.0 0.0 0.0 0.0 0.0
19.560 0.0 0.0 0.0 0.0 0.0 0.0 0.0 0.0
19.600 0.0 0.0 0.0 0.0 0.0 0.0 0.0 0.0
19.640 0.0 0.0 0.0 0.0 0.0 0.0 0.0 0.0
19.680 0.0 0.0 0.0 0.0 0.0 0.0 0.0 0.0
19.720 0.0 0.0 0.0 0.0 0.0 0.0 0.0 0.0
19.760 0.0 0.0 0.0 0.0 0.0 0.0 0.0 0.0
19.800 0.0 0.0 0.0 0.0 0.0 0.0 0.0 0.0
19.840 0.0 0.0 0.0 0.0 0.0 0.0 0.0 0.0
19.880 0.0 0.0 0.0 0.0 0.0 0.0 0.0 0.0
19.920 0.0 0.0 0.0 0.0 0.0 0.0 0.0 0.0
19.960 0.0 0.0 0.0 0.0 0.0 0.0 0.0 0.0
20.000 0.0 0.0 0.0 0.0 0.0 0.0 0.0 0.0
