-20.000  0.0000E+00  0.0000E+00  0.7000E+01  0.7000E+01
-19.960  0.0000E+00  0.0000E+00  0.7000E+01  0.7000E+01
-19.920  0.0000E+00  0.0000E+00  0.7000E+01  0.7000E+01
-19.880  0.0000E+00  0.0000E+00  0.7000E+01  0.7000E+01
-19.840  0.0000E+00  0.0000E+00  0.7000E+01  0.7000E+01
-19.800  0.0000E+00  0.0000E+00  0.7000E+01  0.7000E+01
-19.760  0.0000E+00  0.0000E+00  0.7000E+01  0.7000E+01
-19.720  0.0000E+00  0.0000E+00  0.7000E+01  0.7000E+01
-19.680  0.0000E+00  0.0000E+00  0.7000E+01  0.7000E+01
-19.640  0.0000E+00  0.0000E+00  0.7000E+01  0.7000E+01
-19.600  0.0000E+00  0.0000E+00  0.7000E+01  0.7000E+01
-19.560  0.0000E+00  0.0000E+00  0.7000E+01  0.7000E+01
-19.520  0.0000E+00  0.0000E+00  0.7000E+01  0.7000E+01
-19.480  0.0000E+00  0.0000E+00  0.7000E+01  0.7000E+01
-19.440  0.0000E+00  0.0000E+00  0.7000E+01  0.7000E+01
-19.400  0.0000E+00  0.0000E+00  0.7000E+01  0.7000E+01
-19.360  0.0000E+00  0.0000E+00  0.7000E+01  0.7000E+01
-19.320  0.0000E+00  0.0000E+00  0.7000E+01  0.7000E+01
-19.280  0.0000E+00  0.0000E+00  0.7000E+01  0.7000E+01
-19.240  0.0000E+00  0.0000E+00  0.7000E+01  0.7000E+01
-19.200  0.0000E+00  0.0000E+00  0.7000E+01  0.7000E+01
-19.160  0.0000E+00  0.0000E+00  0.7000E+01  0.7000E+01
-19.120  0.0000E+00  0.0000E+00  0.7000E+01  0.7000E+01
-19.080  0.0000E+00  0.0000E+00  0.7000E+01  0.7000E+01
-19.040  0.0000E+00  0.0000E+00  0.7000E+01  0.7000E+01
-19.000  0.0000E+00  0.0000E+00  0.7000E+01  0.7000E+01
-18.960  0.0000E+00  0.0000E+00  0.7000E+01  0.7000E+01
-18.920  0.0000E+00  0.0000E+00  0.7000E+01  0.7000E+01
-18.880  0.0000E+00  0.0000E+00  0.7000E+01  0.7000E+01
-18.840  0.0000E+00  0.0000E+00  0.7000E+01  0.7000E+01
-18.800  0.0000E+00  0.0000E+00  0.7000E+01  0.7000E+01
-18.760  0.0000E+00  0.0000E+00  0.7000E+01  0.7000E+01
-18.720  0.0000E+00  0.0000E+00  0.7000E+01  0.7000E+01
-18.680  0.0000E+00  0.0000E+00  0.7000E+01  0.7000E+01
-18.640  0.0000E+00  0.0000E+00  0.7000E+01  0.7000E+01
-18.600  0.0000E+00  0.0000E+00  0.7000E+01  0.7000E+01
-18.560  0.0000E+00  0.0000E+00  0.7000E+01  0.7000E+01
-18.520  0.0000E+00  0.0000E+00  0.7000E+01  0.7000E+01
-18.480  0.0000E+00  0.0000E+00  0.7000E+01  0.7000E+01
-18.440  0.0000E+00  0.0000E+00  0.7000E+01  0.7000E+01
-18.400  0.0000E+00  0.0000E+00  0.7000E+01  0.7000E+01
-18.360  0.0000E+00  0.0000E+00  0.7000E+01  0.7000E+01
-18.320  0.0000E+00  0.0000E+00  0.7000E+01  0.7000E+01
-18.280  0.0000E+00  0.0000E+00  0.7000E+01  0.7000E+01
-18.240  0.0000E+00  0.0000E+00  0.7000E+01  0.7000E+01
-18.200  0.0000E+00  0.0000E+00  0.7000E+01  0.7000E+01
-18.160  0.0000E+00  0.0000E+00  0.7000E+01  0.7000E+01
-18.120  0.0000E+00  0.0000E+00  0.7000E+01  0.7000E+01
-18.080  0.0000E+00  0.0000E+00  0.7000E+01  0.7000E+01
-18.040  0.0000E+00  0.0000E+00  0.7000E+01  0.7000E+01
-18.000  0.0000E+00  0.0000E+00  0.7000E+01  0.7000E+01
-17.960  0.0000E+00  0.0000E+00  0.7000E+01  0.7000E+01
-17.920  0.0000E+00  0.0000E+00  0.7000E+01  0.7000E+01
-17.880  0.0000E+00  0.0000E+00  0.7000E+01  0.7000E+01
-17.840  0.0000E+00  0.0000E+00  0.7000E+01  0.7000E+01
-17.800  0.0000E+00  0.0000E+00  0.7000E+01  0.7000E+01
-17.760  0.0000E+00  0.0000E+00  0.7000E+01  0.7000E+01
-17.720  0.0000E+00  0.0000E+00  0.7000E+01  0.7000E+01
-17.680  0.0000E+00  0.0000E+00  0.7000E+01  0.7000E+01
-17.640  0.0000E+00  0.0000E+00  0.7000E+01  0.7000E+01
-17.600  0.0000E+00  0.0000E+00  0.7000E+01  0.7000E+01
-17.560  0.0000E+00  0.0000E+00  0.7000E+01  0.7000E+01
-17.520  0.0000E+00  0.0000E+00  0.7000E+01  0.7000E+01
-17.480  0.0000E+00  0.0000E+00  0.7000E+01  0.7000E+01
-17.440  0.0000E+00  0.0000E+00  0.7000E+01  0.7000E+01
-17.400  0.0000E+00  0.0000E+00  0.7000E+01  0.7000E+01
-17.360  0.0000E+00  0.0000E+00  0.7000E+01  0.7000E+01
-17.320  0.0000E+00  0.0000E+00  0.7000E+01  0.7000E+01
-17.280  0.0000E+00  0.0000E+00  0.7000E+01  0.7000E+01
-17.240  0.0000E+00  0.0000E+00  0.7000E+01  0.7000E+01
-17.200  0.0000E+00  0.0000E+00  0.7000E+01  0.7000E+01
-17.160  0.0000E+00  0.0000E+00  0.7000E+01  0.7000E+01
-17.120  0.0000E+00  0.0000E+00  0.7000E+01  0.7000E+01
-17.080  0.0000E+00  0.0000E+00  0.7000E+01  0.7000E+01
-17.040  0.0000E+00  0.0000E+00  0.7000E+01  0.7000E+01
-17.000  0.0000E+00  0.0000E+00  0.7000E+01  0.7000E+01
-16.960  0.0000E+00  0.0000E+00  0.7000E+01  0.7000E+01
-16.920  0.0000E+00  0.0000E+00  0.7000E+01  0.7000E+01
-16.880  0.0000E+00  0.0000E+00  0.7000E+01  0.7000E+01
-16.840  0.0000E+00  0.0000E+00  0.7000E+01  0.7000E+01
-16.800  0.0000E+00  0.0000E+00  0.7000E+01  0.7000E+01
-16.760  0.0000E+00  0.0000E+00  0.7000E+01  0.7000E+01
-16.720  0.0000E+00  0.0000E+00  0.7000E+01  0.7000E+01
-16.680  0.0000E+00  0.0000E+00  0.7000E+01  0.7000E+01
-16.640  0.0000E+00  0.0000E+00  0.7000E+01  0.7000E+01
-16.600  0.0000E+00  0.0000E+00  0.7000E+01  0.7000E+01
-16.560  0.0000E+00  0.0000E+00  0.7000E+01  0.7000E+01
-16.520  0.0000E+00  0.0000E+00  0.7000E+01  0.7000E+01
-16.480  0.0000E+00  0.0000E+00  0.7000E+01  0.7000E+01
-16.440  0.0000E+00  0.0000E+00  0.7000E+01  0.7000E+01
-16.400  0.0000E+00  0.0000E+00  0.7000E+01  0.7000E+01
-16.360  0.0000E+00  0.0000E+00  0.7000E+01  0.7000E+01
-16.320  0.0000E+00  0.0000E+00  0.7000E+01  0.7000E+01
-16.280  0.0000E+00  0.0000E+00  0.7000E+01  0.7000E+01
-16.240  0.0000E+00  0.0000E+00  0.7000E+01  0.7000E+01
-16.200  0.0000E+00  0.0000E+00  0.7000E+01  0.7000E+01
-16.160  0.0000E+00  0.0000E+00  0.7000E+01  0.7000E+01
-16.120  0.0000E+00  0.0000E+00  0.7000E+01  0.7000E+01
-16.080  0.0000E+00  0.0000E+00  0.7000E+01  0.7000E+01
-16.040  0.0000E+00  0.0000E+00  0.7000E+01  0.7000E+01
-16.000  0.0000E+00  0.0000E+00  0.7000E+01  0.7000E+01
-15.960  0.0000E+00  0.0000E+00  0.7000E+01  0.7000E+01
-15.920  0.0000E+00  0.0000E+00  0.7000E+01  0.7000E+01
-15.880  0.0000E+00  0.0000E+00  0.7000E+01  0.7000E+01
-15.840  0.0000E+00  0.0000E+00  0.7000E+01  0.7000E+01
-15.800  0.0000E+00  0.0000E+00  0.7000E+01  0.7000E+01
-15.760  0.0000E+00  0.0000E+00  0.7000E+01  0.7000E+01
-15.720  0.0000E+00  0.0000E+00  0.7000E+01  0.7000E+01
-15.680  0.0000E+00  0.0000E+00  0.7000E+01  0.7000E+01
-15.640  0.0000E+00  0.0000E+00  0.7000E+01  0.7000E+01
-15.600  0.0000E+00  0.0000E+00  0.7000E+01  0.7000E+01
-15.560  0.0000E+00  0.0000E+00  0.7000E+01  0.7000E+01
-15.520  0.0000E+00  0.0000E+00  0.7000E+01  0.7000E+01
-15.480  0.0000E+00  0.0000E+00  0.7000E+01  0.7000E+01
-15.440  0.0000E+00  0.0000E+00  0.7000E+01  0.7000E+01
-15.400  0.0000E+00  0.0000E+00  0.7000E+01  0.7000E+01
-15.360  0.0000E+00  0.0000E+00  0.7000E+01  0.7000E+01
-15.320  0.0000E+00  0.0000E+00  0.7000E+01  0.7000E+01
-15.280  0.0000E+00  0.0000E+00  0.7000E+01  0.7000E+01
-15.240  0.0000E+00  0.0000E+00  0.7000E+01  0.7000E+01
-15.200  0.0000E+00  0.0000E+00  0.7000E+01  0.7000E+01
-15.160  0.0000E+00  0.0000E+00  0.7000E+01  0.7000E+01
-15.120  0.0000E+00  0.0000E+00  0.7000E+01  0.7000E+01
-15.080  0.0000E+00  0.0000E+00  0.7000E+01  0.7000E+01
-15.040  0.0000E+00  0.0000E+00  0.7000E+01  0.7000E+01
-15.000  0.0000E+00  0.0000E+00  0.7000E+01  0.7000E+01
-14.960  0.0000E+00  0.0000E+00  0.7000E+01  0.7000E+01
-14.920  0.0000E+00  0.0000E+00  0.7000E+01  0.7000E+01
-14.880  0.0000E+00  0.0000E+00  0.7000E+01  0.7000E+01
-14.840  0.0000E+00  0.0000E+00  0.7000E+01  0.7000E+01
-14.800  0.0000E+00  0.0000E+00  0.7000E+01  0.7000E+01
-14.760  0.0000E+00  0.0000E+00  0.7000E+01  0.7000E+01
-14.720  0.0000E+00  0.0000E+00  0.7000E+01  0.7000E+01
-14.680  0.0000E+00  0.0000E+00  0.7000E+01  0.7000E+01
-14.640  0.0000E+00  0.0000E+00  0.7000E+01  0.7000E+01
-14.600  0.0000E+00  0.0000E+00  0.7000E+01  0.7000E+01
-14.560  0.0000E+00  0.0000E+00  0.7000E+01  0.7000E+01
-14.520  0.0000E+00  0.0000E+00  0.7000E+01  0.7000E+01
-14.480  0.0000E+00  0.0000E+00  0.7000E+01  0.7000E+01
-14.440  0.0000E+00  0.0000E+00  0.7000E+01  0.7000E+01
-14.400  0.0000E+00  0.0000E+00  0.7000E+01  0.7000E+01
-14.360  0.0000E+00  0.0000E+00  0.7000E+01  0.7000E+01
-14.320  0.0000E+00  0.0000E+00  0.7000E+01  0.7000E+01
-14.280  0.0000E+00  0.0000E+00  0.7000E+01  0.7000E+01
-14.240  0.0000E+00  0.0000E+00  0.7000E+01  0.7000E+01
-14.200  0.0000E+00  0.0000E+00  0.7000E+01  0.7000E+01
-14.160  0.0000E+00  0.0000E+00  0.7000E+01  0.7000E+01
-14.120  0.0000E+00  0.0000E+00  0.7000E+01  0.7000E+01
-14.080  0.0000E+00  0.0000E+00  0.7000E+01  0.7000E+01
-14.040  0.0000E+00  0.0000E+00  0.7000E+01  0.7000E+01
-14.000  0.0000E+00  0.0000E+00  0.7000E+01  0.7000E+01
-13.960  0.0000E+00  0.0000E+00  0.7000E+01  0.7000E+01
-13.920  0.0000E+00  0.0000E+00  0.7000E+01  0.7000E+01
-13.880  0.0000E+00  0.0000E+00  0.7000E+01  0.7000E+01
-13.840  0.0000E+00  0.0000E+00  0.7000E+01  0.7000E+01
-13.800  0.0000E+00  0.0000E+00  0.7000E+01  0.7000E+01
-13.760  0.1601E+01  0.0000E+00  0.7033E+01  0.7000E+01
-13.720  0.2792E+01  0.1395E+01  0.7121E+01  0.7024E+01
-13.680  0.5563E+01  0.2636E+01  0.7277E+01  0.7106E+01
-13.640  0.6078E+01  0.5098E+01  0.7533E+01  0.7249E+01
-13.600  0.5296E+01  0.6307E+01  0.7758E+01  0.7500E+01
-13.560  0.5776E+01  0.5379E+01  0.7973E+01  0.7730E+01
-13.520  0.9403E+01  0.5012E+01  0.8270E+01  0.7939E+01
-13.480  0.1339E+02  0.8971E+01  0.8762E+01  0.8211E+01
-13.440  0.9521E+01  0.1397E+02  0.9150E+01  0.8683E+01
-13.400  0.1104E+02  0.8259E+01  0.9716E+01  0.9104E+01
-13.360  0.8585E+01  0.1249E+02  0.1005E+02  0.9646E+01
-13.320  0.8204E+01  0.7672E+01  0.1037E+02  0.9989E+01
-13.280  0.8399E+01  0.8007E+01  0.1069E+02  0.1032E+02
-13.240  0.6721E+01  0.8073E+01  0.1103E+02  0.1063E+02
-13.200  0.7246E+01  0.7604E+01  0.1128E+02  0.1098E+02
-13.160  0.9451E+01  0.6944E+01  0.1163E+02  0.1124E+02
-13.120  0.8407E+01  0.9412E+01  0.1198E+02  0.1157E+02
-13.080  0.5293E+01  0.8392E+01  0.1224E+02  0.1192E+02
-13.040  0.6299E+01  0.5666E+01  0.1248E+02  0.1220E+02
-13.000  0.6663E+01  0.6699E+01  0.1275E+02  0.1243E+02
-12.960  0.5522E+01  0.6670E+01  0.1299E+02  0.1270E+02
-12.920  0.4610E+01  0.5961E+01  0.1319E+02  0.1296E+02
-12.880  0.5333E+01  0.4790E+01  0.1339E+02  0.1317E+02
-12.840  0.5024E+01  0.5363E+01  0.1361E+02  0.1336E+02
-12.800  0.5257E+01  0.5171E+01  0.1382E+02  0.1358E+02
-12.760  0.3302E+01  0.5509E+01  0.1398E+02  0.1380E+02
-12.720  0.5699E+01  0.3489E+01  0.1415E+02  0.1397E+02
-12.680  0.5352E+01  0.5348E+01  0.1441E+02  0.1413E+02
-12.640  0.4802E+01  0.5572E+01  0.1461E+02  0.1440E+02
-12.600  0.5300E+01  0.4849E+01  0.1480E+02  0.1461E+02
-12.560  0.5734E+01  0.5248E+01  0.1503E+02  0.1480E+02
-12.520  0.4861E+01  0.6010E+01  0.1524E+02  0.1503E+02
-12.480  0.5252E+01  0.5035E+01  0.1544E+02  0.1524E+02
-12.440  0.4853E+01  0.5395E+01  0.1564E+02  0.1546E+02
-12.400  0.3314E+01  0.4877E+01  0.1580E+02  0.1566E+02
-12.360  0.2542E+01  0.3251E+01  0.1592E+02  0.1582E+02
-12.320  0.3856E+01  0.2588E+01  0.1604E+02  0.1593E+02
-12.280  0.6496E+01  0.4363E+01  0.1625E+02  0.1607E+02
-12.240  0.5769E+01  0.7058E+01  0.1651E+02  0.1630E+02
-12.200  0.3296E+01  0.5552E+01  0.1669E+02  0.1656E+02
-12.160  0.3840E+01  0.2905E+01  0.1682E+02  0.1673E+02
-12.120  0.5001E+01  0.4055E+01  0.1699E+02  0.1687E+02
-12.080  0.6248E+01  0.5571E+01  0.1722E+02  0.1705E+02
-12.040  0.6275E+01  0.6948E+01  0.1748E+02  0.1730E+02
-12.000  0.4190E+01  0.5499E+01  0.1768E+02  0.1757E+02
-11.960  0.4499E+01  0.5273E+01  0.1787E+02  0.1776E+02
-11.920  0.3863E+01  0.4044E+01  0.1803E+02  0.1795E+02
-11.880  0.2876E+01  0.3415E+01  0.1816E+02  0.1810E+02
-11.840  0.3328E+01  0.3082E+01  0.1828E+02  0.1823E+02
-11.800  0.4377E+01  0.4498E+01  0.1843E+02  0.1838E+02
-11.760  0.6376E+01  0.6360E+01  0.1864E+02  0.1859E+02
-11.720  0.4939E+01  0.5711E+01  0.1888E+02  0.1887E+02
-11.680  0.6659E+00  0.7052E+00  0.1897E+02  0.1897E+02
-11.640  0.3544E+00  0.3584E+00  0.1899E+02  0.1899E+02
-11.600  0.1984E+00  0.9676E-01  0.1900E+02  0.1900E+02
-11.560  0.3495E-02  0.0000E+00  0.1900E+02  0.1900E+02
-11.520  0.0000E+00  0.0000E+00  0.1900E+02  0.1900E+02
-11.480  0.0000E+00  0.0000E+00  0.1900E+02  0.1900E+02
-11.440  0.0000E+00  0.0000E+00  0.1900E+02  0.1900E+02
-11.400  0.0000E+00  0.0000E+00  0.1900E+02  0.1900E+02
-11.360  0.0000E+00  0.0000E+00  0.1900E+02  0.1900E+02
-11.320  0.0000E+00  0.0000E+00  0.1900E+02  0.1900E+02
-11.280  0.0000E+00  0.0000E+00  0.1900E+02  0.1900E+02
-11.240  0.0000E+00  0.0000E+00  0.1900E+02  0.1900E+02
-11.200  0.0000E+00  0.0000E+00  0.1900E+02  0.1900E+02
-11.160  0.0000E+00  0.0000E+00  0.1900E+02  0.1900E+02
-11.120  0.0000E+00  0.0000E+00  0.1900E+02  0.1900E+02
-11.080  0.0000E+00  0.0000E+00  0.1900E+02  0.1900E+02
-11.040  0.0000E+00  0.0000E+00  0.1900E+02  0.1900E+02
-11.000  0.0000E+00  0.0000E+00  0.1900E+02  0.1900E+02
-10.960  0.0000E+00  0.0000E+00  0.1900E+02  0.1900E+02
-10.920  0.0000E+00  0.0000E+00  0.1900E+02  0.1900E+02
-10.880  0.0000E+00  0.0000E+00  0.1900E+02  0.1900E+02
-10.840  0.0000E+00  0.0000E+00  0.1900E+02  0.1900E+02
-10.800  0.0000E+00  0.0000E+00  0.1900E+02  0.1900E+02
-10.760  0.0000E+00  0.0000E+00  0.1900E+02  0.1900E+02
-10.720  0.0000E+00  0.0000E+00  0.1900E+02  0.1900E+02
-10.680  0.0000E+00  0.0000E+00  0.1900E+02  0.1900E+02
-10.640  0.5274E+01  0.0000E+00  0.1901E+02  0.1900E+02
-10.600  0.2886E+02  0.0000E+00  0.1973E+02  0.1900E+02
-10.560  0.2176E+02  0.0000E+00  0.2051E+02  0.1900E+02
-10.520  0.2076E+02  0.0000E+00  0.2127E+02  0.1900E+02
-10.480  0.2125E+02  0.0000E+00  0.2209E+02  0.1900E+02
-10.440  0.2101E+02  0.1629E+02  0.2291E+02  0.1917E+02
-10.400  0.3025E+02  0.1090E+02  0.2382E+02  0.1999E+02
-10.360  0.1924E+02  0.1517E+02  0.2475E+02  0.2074E+02
-10.320  0.2202E+02  0.1802E+02  0.2574E+02  0.2137E+02
-10.280  0.1359E+02  0.2311E+02  0.2654E+02  0.2214E+02
-10.240  0.1259E+02  0.1923E+02  0.2715E+02  0.2296E+02
-10.200  0.9238E+01  0.2721E+02  0.2761E+02  0.2380E+02
-10.160  0.5674E+01  0.1978E+02  0.2790E+02  0.2474E+02
-10.120  0.3414E+00  0.2158E+02  0.2803E+02  0.2573E+02
-10.080  0.1200E+01  0.1473E+02  0.2805E+02  0.2654E+02
-10.040  0.4084E+01  0.1223E+02  0.2815E+02  0.2716E+02
-10.000  0.5356E+01  0.9232E+01  0.2834E+02  0.2761E+02
-9.960  0.3589E+01  0.5825E+01  0.2852E+02  0.2790E+02
-9.920  0.3048E+01  0.5249E+00  0.2865E+02  0.2804E+02
-9.880  0.3427E+01  0.2964E+01  0.2878E+02  0.2810E+02
-9.840  0.3914E+01  0.5762E+01  0.2893E+02  0.2829E+02
-9.800  0.5459E+01  0.4031E+01  0.2910E+02  0.2849E+02
-9.760  0.5820E+01  0.3363E+01  0.2932E+02  0.2864E+02
-9.720  0.5860E+01  0.3811E+01  0.2955E+02  0.2878E+02
-9.680  0.4968E+01  0.4421E+01  0.2977E+02  0.2895E+02
-9.640  0.5413E+01  0.6125E+01  0.2997E+02  0.2914E+02
-9.600  0.5598E+01  0.6033E+01  0.3021E+02  0.2937E+02
-9.560  0.3705E+01  0.5923E+01  0.3039E+02  0.2961E+02
-9.520  0.5215E+01  0.5041E+01  0.3056E+02  0.2983E+02
-9.480  0.5431E+01  0.6168E+01  0.3083E+02  0.3004E+02
-9.440  0.3235E+01  0.5174E+01  0.3100E+02  0.3028E+02
-9.400  0.2756E+01  0.4116E+01  0.3112E+02  0.3045E+02
-9.360  0.3230E+01  0.7949E+01  0.3124E+02  0.3067E+02
-9.320  0.4265E+01  0.4471E+01  0.3138E+02  0.3092E+02
-9.280  0.5237E+01  0.2876E+01  0.3157E+02  0.3106E+02
-9.240  0.5751E+01  0.3035E+01  0.3180E+02  0.3117E+02
-9.200  0.4790E+01  0.3727E+01  0.3202E+02  0.3130E+02
-9.160  0.4149E+01  0.4905E+01  0.3219E+02  0.3148E+02
-9.120  0.3862E+01  0.5727E+01  0.3235E+02  0.3169E+02
-9.080  0.4349E+01  0.5718E+01  0.3251E+02  0.3192E+02
-9.040  0.4959E+01  0.4339E+01  0.3270E+02  0.3212E+02
-9.000  0.4389E+01  0.4006E+01  0.3290E+02  0.3229E+02
-8.960  0.3785E+01  0.4198E+01  0.3306E+02  0.3245E+02
-8.920  0.3556E+01  0.5019E+01  0.3319E+02  0.3263E+02
-8.880  0.5269E+01  0.4780E+01  0.3338E+02  0.3283E+02
-8.840  0.4608E+01  0.4275E+01  0.3358E+02  0.3301E+02
-8.800  0.4946E+01  0.3140E+01  0.3377E+02  0.3315E+02
-8.760  0.5237E+01  0.4964E+01  0.3398E+02  0.3331E+02
-8.720  0.6059E+01  0.5043E+01  0.3420E+02  0.3351E+02
-8.680  0.5281E+01  0.4758E+01  0.3444E+02  0.3370E+02
-8.640  0.4139E+01  0.5643E+01  0.3462E+02  0.3392E+02
-8.600  0.4368E+01  0.5478E+01  0.3477E+02  0.3413E+02
-8.560  0.4986E+01  0.5799E+01  0.3497E+02  0.3438E+02
-8.520  0.5153E+01  0.4537E+01  0.3517E+02  0.3459E+02
-8.480  0.6017E+01  0.3916E+01  0.3539E+02  0.3473E+02
-8.440  0.4531E+01  0.5119E+01  0.3562E+02  0.3492E+02
-8.400  0.3556E+01  0.5151E+01  0.3577E+02  0.3513E+02
-8.360  0.5940E+01  0.5905E+01  0.3594E+02  0.3535E+02
-8.320  0.7195E+01  0.5230E+01  0.3623E+02  0.3558E+02
-8.280  0.7729E+01  0.3414E+01  0.3652E+02  0.3574E+02
-8.240  0.6440E+01  0.5297E+01  0.3681E+02  0.3590E+02
-8.200  0.5017E+01  0.7480E+01  0.3704E+02  0.3618E+02
-8.160  0.6019E+01  0.7819E+01  0.3726E+02  0.3648E+02
-8.120  0.8276E+01  0.6581E+01  0.3756E+02  0.3677E+02
-8.080  0.4597E+01  0.5274E+01  0.3782E+02  0.3701E+02
-8.040  0.6285E+01  0.6268E+01  0.3802E+02  0.3725E+02
-8.000  0.8597E+01  0.7962E+01  0.3833E+02  0.3755E+02
-7.960  0.7310E+01  0.4706E+01  0.3867E+02  0.3781E+02
-7.920  0.4623E+01  0.6237E+01  0.3891E+02  0.3801E+02
-7.880  0.2503E+01  0.8254E+01  0.3902E+02  0.3830E+02
-7.840  0.2816E+01  0.7648E+01  0.3912E+02  0.3863E+02
-7.800  0.3484E+01  0.5192E+01  0.3925E+02  0.3888E+02
-7.760  0.3992E+01  0.2748E+01  0.3940E+02  0.3901E+02
-7.720  0.4814E+01  0.2854E+01  0.3958E+02  0.3912E+02
-7.680  0.3211E+01  0.3464E+01  0.3974E+02  0.3925E+02
-7.640  0.2050E+01  0.3959E+01  0.3984E+02  0.3940E+02
-7.600  0.1524E+01  0.4761E+01  0.3991E+02  0.3957E+02
-7.560  0.1054E+01  0.3239E+01  0.3996E+02  0.3973E+02
-7.520  0.5726E+00  0.2079E+01  0.4000E+02  0.3983E+02
-7.480  0.0000E+00  0.1549E+01  0.4000E+02  0.3990E+02
-7.440  0.0000E+00  0.1115E+01  0.4000E+02  0.3996E+02
-7.400  0.0000E+00  0.6641E+00  0.4000E+02  0.3999E+02
-7.360  0.0000E+00  0.0000E+00  0.4000E+02  0.4000E+02
-7.320  0.0000E+00  0.0000E+00  0.4000E+02  0.4000E+02
-7.280  0.0000E+00  0.0000E+00  0.4000E+02  0.4000E+02
-7.240  0.0000E+00  0.0000E+00  0.4000E+02  0.4000E+02
-7.200  0.0000E+00  0.0000E+00  0.4000E+02  0.4000E+02
-7.160  0.0000E+00  0.0000E+00  0.4000E+02  0.4000E+02
-7.120  0.0000E+00  0.0000E+00  0.4000E+02  0.4000E+02
-7.080  0.0000E+00  0.0000E+00  0.4000E+02  0.4000E+02
-7.040  0.0000E+00  0.0000E+00  0.4000E+02  0.4000E+02
-7.000  0.0000E+00  0.0000E+00  0.4000E+02  0.4000E+02
-6.960  0.0000E+00  0.0000E+00  0.4000E+02  0.4000E+02
-6.920  0.0000E+00  0.0000E+00  0.4000E+02  0.4000E+02
-6.880  0.0000E+00  0.0000E+00  0.4000E+02  0.4000E+02
-6.840  0.0000E+00  0.0000E+00  0.4000E+02  0.4000E+02
-6.800  0.0000E+00  0.0000E+00  0.4000E+02  0.4000E+02
-6.760  0.0000E+00  0.0000E+00  0.4000E+02  0.4000E+02
-6.720  0.0000E+00  0.0000E+00  0.4000E+02  0.4000E+02
-6.680  0.0000E+00  0.0000E+00  0.4000E+02  0.4000E+02
-6.640  0.0000E+00  0.0000E+00  0.4000E+02  0.4000E+02
-6.600  0.0000E+00  0.0000E+00  0.4000E+02  0.4000E+02
-6.560  0.0000E+00  0.0000E+00  0.4000E+02  0.4000E+02
-6.520  0.0000E+00  0.0000E+00  0.4000E+02  0.4000E+02
-6.480  0.0000E+00  0.0000E+00  0.4000E+02  0.4000E+02
-6.440  0.0000E+00  0.0000E+00  0.4000E+02  0.4000E+02
-6.400  0.0000E+00  0.0000E+00  0.4000E+02  0.4000E+02
-6.360  0.0000E+00  0.0000E+00  0.4000E+02  0.4000E+02
-6.320  0.0000E+00  0.0000E+00  0.4000E+02  0.4000E+02
-6.280  0.0000E+00  0.0000E+00  0.4000E+02  0.4000E+02
-6.240  0.0000E+00  0.0000E+00  0.4000E+02  0.4000E+02
-6.200  0.0000E+00  0.0000E+00  0.4000E+02  0.4000E+02
-6.160  0.0000E+00  0.0000E+00  0.4000E+02  0.4000E+02
-6.120  0.0000E+00  0.0000E+00  0.4000E+02  0.4000E+02
-6.080  0.0000E+00  0.0000E+00  0.4000E+02  0.4000E+02
-6.040  0.0000E+00  0.0000E+00  0.4000E+02  0.4000E+02
-6.000  0.0000E+00  0.0000E+00  0.4000E+02  0.4000E+02
-5.960  0.0000E+00  0.0000E+00  0.4000E+02  0.4000E+02
-5.920  0.0000E+00  0.0000E+00  0.4000E+02  0.4000E+02
-5.880  0.0000E+00  0.0000E+00  0.4000E+02  0.4000E+02
-5.840  0.0000E+00  0.0000E+00  0.4000E+02  0.4000E+02
-5.800  0.0000E+00  0.0000E+00  0.4000E+02  0.4000E+02
-5.760  0.0000E+00  0.0000E+00  0.4000E+02  0.4000E+02
-5.720  0.0000E+00  0.0000E+00  0.4000E+02  0.4000E+02
-5.680  0.0000E+00  0.0000E+00  0.4000E+02  0.4000E+02
-5.640  0.0000E+00  0.0000E+00  0.4000E+02  0.4000E+02
-5.600  0.0000E+00  0.0000E+00  0.4000E+02  0.4000E+02
-5.560  0.0000E+00  0.0000E+00  0.4000E+02  0.4000E+02
-5.520  0.0000E+00  0.0000E+00  0.4000E+02  0.4000E+02
-5.480  0.0000E+00  0.0000E+00  0.4000E+02  0.4000E+02
-5.440  0.0000E+00  0.0000E+00  0.4000E+02  0.4000E+02
-5.400  0.0000E+00  0.0000E+00  0.4000E+02  0.4000E+02
-5.360  0.0000E+00  0.0000E+00  0.4000E+02  0.4000E+02
-5.320  0.0000E+00  0.0000E+00  0.4000E+02  0.4000E+02
-5.280  0.0000E+00  0.0000E+00  0.4000E+02  0.4000E+02
-5.240  0.0000E+00  0.0000E+00  0.4000E+02  0.4000E+02
-5.200  0.0000E+00  0.0000E+00  0.4000E+02  0.4000E+02
-5.160  0.0000E+00  0.0000E+00  0.4000E+02  0.4000E+02
-5.120  0.0000E+00  0.0000E+00  0.4000E+02  0.4000E+02
-5.080  0.0000E+00  0.0000E+00  0.4000E+02  0.4000E+02
-5.040  0.0000E+00  0.0000E+00  0.4000E+02  0.4000E+02
-5.000  0.0000E+00  0.0000E+00  0.4000E+02  0.4000E+02
-4.960  0.0000E+00  0.0000E+00  0.4000E+02  0.4000E+02
-4.920  0.0000E+00  0.0000E+00  0.4000E+02  0.4000E+02
-4.880  0.0000E+00  0.0000E+00  0.4000E+02  0.4000E+02
-4.840  0.0000E+00  0.0000E+00  0.4000E+02  0.4000E+02
-4.800  0.0000E+00  0.0000E+00  0.4000E+02  0.4000E+02
-4.760  0.0000E+00  0.0000E+00  0.4000E+02  0.4000E+02
-4.720  0.0000E+00  0.0000E+00  0.4000E+02  0.4000E+02
-4.680  0.0000E+00  0.0000E+00  0.4000E+02  0.4000E+02
-4.640  0.0000E+00  0.0000E+00  0.4000E+02  0.4000E+02
-4.600  0.0000E+00  0.0000E+00  0.4000E+02  0.4000E+02
-4.560  0.0000E+00  0.0000E+00  0.4000E+02  0.4000E+02
-4.520  0.0000E+00  0.0000E+00  0.4000E+02  0.4000E+02
-4.480  0.0000E+00  0.0000E+00  0.4000E+02  0.4000E+02
-4.440  0.0000E+00  0.0000E+00  0.4000E+02  0.4000E+02
-4.400  0.0000E+00  0.0000E+00  0.4000E+02  0.4000E+02
-4.360  0.0000E+00  0.0000E+00  0.4000E+02  0.4000E+02
-4.320  0.0000E+00  0.0000E+00  0.4000E+02  0.4000E+02
-4.280  0.0000E+00  0.0000E+00  0.4000E+02  0.4000E+02
-4.240  0.0000E+00  0.0000E+00  0.4000E+02  0.4000E+02
-4.200  0.0000E+00  0.0000E+00  0.4000E+02  0.4000E+02
-4.160  0.0000E+00  0.0000E+00  0.4000E+02  0.4000E+02
-4.120  0.0000E+00  0.0000E+00  0.4000E+02  0.4000E+02
-4.080  0.0000E+00  0.0000E+00  0.4000E+02  0.4000E+02
-4.040  0.0000E+00  0.0000E+00  0.4000E+02  0.4000E+02
-4.000  0.0000E+00  0.0000E+00  0.4000E+02  0.4000E+02
-3.960  0.0000E+00  0.0000E+00  0.4000E+02  0.4000E+02
-3.920  0.0000E+00  0.0000E+00  0.4000E+02  0.4000E+02
-3.880  0.0000E+00  0.0000E+00  0.4000E+02  0.4000E+02
-3.840  0.0000E+00  0.0000E+00  0.4000E+02  0.4000E+02
-3.800  0.0000E+00  0.0000E+00  0.4000E+02  0.4000E+02
-3.760  0.0000E+00  0.0000E+00  0.4000E+02  0.4000E+02
-3.720  0.0000E+00  0.0000E+00  0.4000E+02  0.4000E+02
-3.680  0.0000E+00  0.0000E+00  0.4000E+02  0.4000E+02
-3.640  0.0000E+00  0.0000E+00  0.4000E+02  0.4000E+02
-3.600  0.0000E+00  0.0000E+00  0.4000E+02  0.4000E+02
-3.560  0.0000E+00  0.0000E+00  0.4000E+02  0.4000E+02
-3.520  0.0000E+00  0.0000E+00  0.4000E+02  0.4000E+02
-3.480  0.0000E+00  0.0000E+00  0.4000E+02  0.4000E+02
-3.440  0.0000E+00  0.0000E+00  0.4000E+02  0.4000E+02
-3.400  0.0000E+00  0.0000E+00  0.4000E+02  0.4000E+02
-3.360  0.0000E+00  0.0000E+00  0.4000E+02  0.4000E+02
-3.320  0.0000E+00  0.0000E+00  0.4000E+02  0.4000E+02
-3.280  0.0000E+00  0.0000E+00  0.4000E+02  0.4000E+02
-3.240  0.0000E+00  0.0000E+00  0.4000E+02  0.4000E+02
-3.200  0.0000E+00  0.0000E+00  0.4000E+02  0.4000E+02
-3.160  0.0000E+00  0.0000E+00  0.4000E+02  0.4000E+02
-3.120  0.0000E+00  0.0000E+00  0.4000E+02  0.4000E+02
-3.080  0.0000E+00  0.0000E+00  0.4000E+02  0.4000E+02
-3.040  0.0000E+00  0.0000E+00  0.4000E+02  0.4000E+02
-3.000  0.0000E+00  0.0000E+00  0.4000E+02  0.4000E+02
-2.960  0.0000E+00  0.0000E+00  0.4000E+02  0.4000E+02
-2.920  0.0000E+00  0.0000E+00  0.4000E+02  0.4000E+02
-2.880  0.0000E+00  0.0000E+00  0.4000E+02  0.4000E+02
-2.840  0.0000E+00  0.0000E+00  0.4000E+02  0.4000E+02
-2.800  0.0000E+00  0.0000E+00  0.4000E+02  0.4000E+02
-2.760  0.0000E+00  0.0000E+00  0.4000E+02  0.4000E+02
-2.720  0.0000E+00  0.0000E+00  0.4000E+02  0.4000E+02
-2.680  0.0000E+00  0.0000E+00  0.4000E+02  0.4000E+02
-2.640  0.0000E+00  0.0000E+00  0.4000E+02  0.4000E+02
-2.600  0.0000E+00  0.0000E+00  0.4000E+02  0.4000E+02
-2.560  0.0000E+00  0.0000E+00  0.4000E+02  0.4000E+02
-2.520  0.0000E+00  0.0000E+00  0.4000E+02  0.4000E+02
-2.480  0.0000E+00  0.0000E+00  0.4000E+02  0.4000E+02
-2.440  0.0000E+00  0.0000E+00  0.4000E+02  0.4000E+02
-2.400  0.0000E+00  0.0000E+00  0.4000E+02  0.4000E+02
-2.360  0.0000E+00  0.0000E+00  0.4000E+02  0.4000E+02
-2.320  0.0000E+00  0.0000E+00  0.4000E+02  0.4000E+02
-2.280  0.0000E+00  0.0000E+00  0.4000E+02  0.4000E+02
-2.240  0.0000E+00  0.0000E+00  0.4000E+02  0.4000E+02
-2.200  0.0000E+00  0.0000E+00  0.4000E+02  0.4000E+02
-2.160  0.0000E+00  0.0000E+00  0.4000E+02  0.4000E+02
-2.120  0.0000E+00  0.0000E+00  0.4000E+02  0.4000E+02
-2.080  0.0000E+00  0.0000E+00  0.4000E+02  0.4000E+02
-2.040  0.0000E+00  0.0000E+00  0.4000E+02  0.4000E+02
-2.000  0.0000E+00  0.0000E+00  0.4000E+02  0.4000E+02
-1.960  0.0000E+00  0.0000E+00  0.4000E+02  0.4000E+02
-1.920  0.0000E+00  0.0000E+00  0.4000E+02  0.4000E+02
-1.880  0.0000E+00  0.0000E+00  0.4000E+02  0.4000E+02
-1.840  0.0000E+00  0.0000E+00  0.4000E+02  0.4000E+02
-1.800  0.0000E+00  0.0000E+00  0.4000E+02  0.4000E+02
-1.760  0.0000E+00  0.0000E+00  0.4000E+02  0.4000E+02
-1.720  0.0000E+00  0.0000E+00  0.4000E+02  0.4000E+02
-1.680  0.0000E+00  0.0000E+00  0.4000E+02  0.4000E+02
-1.640  0.0000E+00  0.0000E+00  0.4000E+02  0.4000E+02
-1.600  0.0000E+00  0.0000E+00  0.4000E+02  0.4000E+02
-1.560  0.0000E+00  0.0000E+00  0.4000E+02  0.4000E+02
-1.520  0.0000E+00  0.0000E+00  0.4000E+02  0.4000E+02
-1.480  0.0000E+00  0.0000E+00  0.4000E+02  0.4000E+02
-1.440  0.0000E+00  0.0000E+00  0.4000E+02  0.4000E+02
-1.400  0.0000E+00  0.0000E+00  0.4000E+02  0.4000E+02
-1.360  0.0000E+00  0.0000E+00  0.4000E+02  0.4000E+02
-1.320  0.0000E+00  0.0000E+00  0.4000E+02  0.4000E+02
-1.280  0.0000E+00  0.0000E+00  0.4000E+02  0.4000E+02
-1.240  0.0000E+00  0.0000E+00  0.4000E+02  0.4000E+02
-1.200  0.0000E+00  0.0000E+00  0.4000E+02  0.4000E+02
-1.160  0.0000E+00  0.0000E+00  0.4000E+02  0.4000E+02
-1.120  0.0000E+00  0.0000E+00  0.4000E+02  0.4000E+02
-1.080  0.0000E+00  0.0000E+00  0.4000E+02  0.4000E+02
-1.040  0.0000E+00  0.0000E+00  0.4000E+02  0.4000E+02
-1.000  0.0000E+00  0.0000E+00  0.4000E+02  0.4000E+02
-0.960  0.0000E+00  0.0000E+00  0.4000E+02  0.4000E+02
-0.920  0.0000E+00  0.0000E+00  0.4000E+02  0.4000E+02
-0.880  0.0000E+00  0.0000E+00  0.4000E+02  0.4000E+02
-0.840  0.0000E+00  0.0000E+00  0.4000E+02  0.4000E+02
-0.800  0.0000E+00  0.0000E+00  0.4000E+02  0.4000E+02
-0.760  0.0000E+00  0.0000E+00  0.4000E+02  0.4000E+02
-0.720  0.0000E+00  0.0000E+00  0.4000E+02  0.4000E+02
-0.680  0.0000E+00  0.0000E+00  0.4000E+02  0.4000E+02
-0.640  0.0000E+00  0.0000E+00  0.4000E+02  0.4000E+02
-0.600  0.0000E+00  0.0000E+00  0.4000E+02  0.4000E+02
-0.560  0.0000E+00  0.0000E+00  0.4000E+02  0.4000E+02
-0.520  0.0000E+00  0.0000E+00  0.4000E+02  0.4000E+02
-0.480  0.0000E+00  0.0000E+00  0.4000E+02  0.4000E+02
-0.440  0.0000E+00  0.0000E+00  0.4000E+02  0.4000E+02
-0.400  0.0000E+00  0.0000E+00  0.4000E+02  0.4000E+02
-0.360  0.0000E+00  0.0000E+00  0.4000E+02  0.4000E+02
-0.320  0.0000E+00  0.0000E+00  0.4000E+02  0.4000E+02
-0.280  0.0000E+00  0.0000E+00  0.4000E+02  0.4000E+02
-0.240  0.0000E+00  0.0000E+00  0.4000E+02  0.4000E+02
-0.200  0.0000E+00  0.0000E+00  0.4000E+02  0.4000E+02
-0.160  0.0000E+00  0.0000E+00  0.4000E+02  0.4000E+02
-0.120  0.0000E+00  0.0000E+00  0.4000E+02  0.4000E+02
-0.080  0.0000E+00  0.0000E+00  0.4000E+02  0.4000E+02
-0.040  0.0000E+00  0.0000E+00  0.4000E+02  0.4000E+02
0.000  0.0000E+00  0.0000E+00  0.4000E+02  0.4000E+02
0.040  0.0000E+00  0.0000E+00  0.4000E+02  0.4000E+02
0.080  0.0000E+00  0.0000E+00  0.4000E+02  0.4000E+02
0.120  0.0000E+00  0.0000E+00  0.4000E+02  0.4000E+02
0.160  0.0000E+00  0.0000E+00  0.4000E+02  0.4000E+02
0.200  0.0000E+00  0.0000E+00  0.4000E+02  0.4000E+02
0.240  0.0000E+00  0.0000E+00  0.4000E+02  0.4000E+02
0.280  0.0000E+00  0.0000E+00  0.4000E+02  0.4000E+02
0.320  0.0000E+00  0.0000E+00  0.4000E+02  0.4000E+02
0.360  0.0000E+00  0.0000E+00  0.4000E+02  0.4000E+02
0.400  0.0000E+00  0.0000E+00  0.4000E+02  0.4000E+02
0.440  0.0000E+00  0.0000E+00  0.4000E+02  0.4000E+02
0.480  0.0000E+00  0.0000E+00  0.4000E+02  0.4000E+02
0.520  0.0000E+00  0.0000E+00  0.4000E+02  0.4000E+02
0.560  0.0000E+00  0.0000E+00  0.4000E+02  0.4000E+02
0.600  0.0000E+00  0.0000E+00  0.4000E+02  0.4000E+02
0.640  0.0000E+00  0.0000E+00  0.4000E+02  0.4000E+02
0.680  0.0000E+00  0.0000E+00  0.4000E+02  0.4000E+02
0.720  0.0000E+00  0.0000E+00  0.4000E+02  0.4000E+02
0.760  0.0000E+00  0.0000E+00  0.4000E+02  0.4000E+02
0.800  0.0000E+00  0.0000E+00  0.4000E+02  0.4000E+02
0.840  0.0000E+00  0.0000E+00  0.4000E+02  0.4000E+02
0.880  0.0000E+00  0.0000E+00  0.4000E+02  0.4000E+02
0.920  0.0000E+00  0.0000E+00  0.4000E+02  0.4000E+02
0.960  0.0000E+00  0.0000E+00  0.4000E+02  0.4000E+02
1.000  0.0000E+00  0.0000E+00  0.4000E+02  0.4000E+02
1.040  0.0000E+00  0.0000E+00  0.4000E+02  0.4000E+02
1.080  0.0000E+00  0.0000E+00  0.4000E+02  0.4000E+02
1.120  0.2622E-01  0.0000E+00  0.4000E+02  0.4000E+02
1.160  0.7115E+00  0.5959E+00  0.4002E+02  0.4001E+02
1.200  0.1157E+01  0.1023E+01  0.4006E+02  0.4004E+02
1.240  0.1489E+01  0.1392E+01  0.4011E+02  0.4009E+02
1.280  0.2182E+01  0.2070E+01  0.4018E+02  0.4015E+02
1.320  0.4424E+01  0.4106E+01  0.4030E+02  0.4027E+02
1.360  0.5339E+01  0.5436E+01  0.4050E+02  0.4047E+02
1.400  0.4703E+01  0.4821E+01  0.4070E+02  0.4068E+02
1.440  0.5708E+01  0.5328E+01  0.4090E+02  0.4087E+02
1.480  0.7500E+01  0.7392E+01  0.4117E+02  0.4113E+02
1.520  0.5059E+01  0.5513E+01  0.4143E+02  0.4140E+02
1.560  0.5061E+01  0.5050E+01  0.4162E+02  0.4160E+02
1.600  0.8570E+01  0.8321E+01  0.4187E+02  0.4184E+02
1.640  0.9674E+01  0.9799E+01  0.4224E+02  0.4220E+02
1.680  0.8926E+01  0.9061E+01  0.4263E+02  0.4262E+02
1.720  0.1157E+02  0.1189E+02  0.4307E+02  0.4304E+02
1.760  0.1274E+02  0.1348E+02  0.4359E+02  0.4356E+02
1.800  0.1175E+02  0.1184E+02  0.4405E+02  0.4403E+02
1.840  0.1289E+02  0.1272E+02  0.4454E+02  0.4453E+02
1.880  0.1505E+02  0.1457E+02  0.4517E+02  0.4514E+02
1.920  0.1458E+02  0.1425E+02  0.4579E+02  0.4575E+02
1.960  0.1497E+02  0.1530E+02  0.4639E+02  0.4633E+02
2.000  0.1581E+02  0.1555E+02  0.4706E+02  0.4700E+02
2.040  0.1841E+02  0.1880E+02  0.4774E+02  0.4767E+02
2.080  0.1225E+02  0.1256E+02  0.4836E+02  0.4830E+02
2.120  0.1619E+02  0.1579E+02  0.4889E+02  0.4883E+02
2.160  0.1205E+02  0.1216E+02  0.4942E+02  0.4937E+02
2.200  0.1401E+02  0.1346E+02  0.4996E+02  0.4991E+02
2.240  0.1203E+02  0.1222E+02  0.5048E+02  0.5043E+02
2.280  0.9077E+01  0.9264E+01  0.5093E+02  0.5088E+02
2.320  0.1082E+02  0.8677E+01  0.5129E+02  0.5121E+02
2.360  0.1443E+02  0.1361E+02  0.5178E+02  0.5166E+02
2.400  0.1225E+02  0.1157E+02  0.5227E+02  0.5217E+02
2.440  0.1103E+02  0.1136E+02  0.5275E+02  0.5265E+02
2.480  0.1228E+02  0.1115E+02  0.5322E+02  0.5312E+02
2.520  0.1333E+02  0.1378E+02  0.5373E+02  0.5361E+02
2.560  0.9629E+01  0.1126E+02  0.5424E+02  0.5416E+02
2.600  0.1063E+02  0.1088E+02  0.5462E+02  0.5455E+02
2.640  0.1198E+02  0.1201E+02  0.5509E+02  0.5501E+02
2.680  0.1177E+02  0.1130E+02  0.5555E+02  0.5548E+02
2.720  0.1194E+02  0.1224E+02  0.5606E+02  0.5597E+02
2.760  0.1265E+02  0.1134E+02  0.5651E+02  0.5642E+02
2.800  0.1210E+02  0.1221E+02  0.5700E+02  0.5692E+02
2.840  0.1228E+02  0.1369E+02  0.5750E+02  0.5742E+02
2.880  0.1112E+02  0.1141E+02  0.5797E+02  0.5790E+02
2.920  0.1084E+02  0.1073E+02  0.5841E+02  0.5833E+02
2.960  0.1069E+02  0.1057E+02  0.5883E+02  0.5875E+02
3.000  0.1050E+02  0.9974E+01  0.5924E+02  0.5916E+02
3.040  0.1070E+02  0.9302E+01  0.5964E+02  0.5955E+02
3.080  0.1288E+02  0.1296E+02  0.6018E+02  0.6007E+02
3.120  0.1540E+02  0.1156E+02  0.6066E+02  0.6053E+02
3.160  0.1092E+02  0.1230E+02  0.6121E+02  0.6109E+02
3.200  0.1155E+02  0.1300E+02  0.6170E+02  0.6158E+02
3.240  0.5174E+01  0.5856E+01  0.6200E+02  0.6195E+02
3.280  0.1540E+02  0.1217E+02  0.6243E+02  0.6224E+02
3.320  0.1974E+02  0.1516E+02  0.6308E+02  0.6282E+02
3.360  0.1009E+02  0.1508E+02  0.6374E+02  0.6355E+02
3.400  0.1370E+02  0.2020E+02  0.6441E+02  0.6412E+02
3.440  0.1282E+02  0.1312E+02  0.6490E+02  0.6468E+02
3.480  0.1973E+02  0.1510E+02  0.6553E+02  0.6523E+02
3.520  0.1765E+02  0.1992E+02  0.6631E+02  0.6601E+02
3.560  0.2390E+02  0.2255E+02  0.6715E+02  0.6678E+02
3.600  0.1455E+02  0.1488E+02  0.6784E+02  0.6762E+02
3.640  0.1643E+02  0.1693E+02  0.6849E+02  0.6822E+02
3.680  0.1643E+02  0.1240E+02  0.6905E+02  0.6882E+02
3.720  0.1305E+02  0.1444E+02  0.6963E+02  0.6938E+02
3.760  0.1496E+02  0.1153E+02  0.7011E+02  0.6989E+02
3.800  0.1424E+02  0.1321E+02  0.7068E+02  0.7047E+02
3.840  0.1803E+02  0.2096E+02  0.7144E+02  0.7108E+02
3.880  0.1678E+02  0.1556E+02  0.7212E+02  0.7181E+02
3.920  0.1525E+02  0.1670E+02  0.7283E+02  0.7247E+02
3.960  0.1714E+02  0.2129E+02  0.7355E+02  0.7322E+02
4.000  0.1442E+02  0.1432E+02  0.7419E+02  0.7391E+02
4.040  0.1376E+02  0.2032E+02  0.7491E+02  0.7463E+02
4.080  0.1562E+02  0.1244E+02  0.7543E+02  0.7523E+02
4.120  0.7901E+01  0.9496E+01  0.7590E+02  0.7574E+02
4.160  0.0000E+00  0.2005E+00  0.7600E+02  0.7600E+02
4.200  0.0000E+00  0.0000E+00  0.7600E+02  0.7600E+02
4.240  0.0000E+00  0.0000E+00  0.7600E+02  0.7600E+02
4.280  0.0000E+00  0.0000E+00  0.7600E+02  0.7600E+02
4.320  0.0000E+00  0.0000E+00  0.7600E+02  0.7600E+02
4.360  0.0000E+00  0.0000E+00  0.7600E+02  0.7600E+02
4.400  0.0000E+00  0.0000E+00  0.7600E+02  0.7600E+02
4.440  0.0000E+00  0.0000E+00  0.7600E+02  0.7600E+02
4.480  0.0000E+00  0.0000E+00  0.7600E+02  0.7600E+02
4.520  0.0000E+00  0.0000E+00  0.7600E+02  0.7600E+02
4.560  0.0000E+00  0.0000E+00  0.7600E+02  0.7600E+02
4.600  0.0000E+00  0.0000E+00  0.7600E+02  0.7600E+02
4.640  0.0000E+00  0.0000E+00  0.7600E+02  0.7600E+02
4.680  0.0000E+00  0.0000E+00  0.7600E+02  0.7600E+02
4.720  0.0000E+00  0.0000E+00  0.7600E+02  0.7600E+02
4.760  0.0000E+00  0.0000E+00  0.7600E+02  0.7600E+02
4.800  0.0000E+00  0.0000E+00  0.7600E+02  0.7600E+02
4.840  0.0000E+00  0.0000E+00  0.7600E+02  0.7600E+02
4.880  0.0000E+00  0.0000E+00  0.7600E+02  0.7600E+02
4.920  0.0000E+00  0.0000E+00  0.7600E+02  0.7600E+02
4.960  0.0000E+00  0.0000E+00  0.7600E+02  0.7600E+02
5.000  0.0000E+00  0.0000E+00  0.7600E+02  0.7600E+02
5.040  0.0000E+00  0.0000E+00  0.7600E+02  0.7600E+02
5.080  0.0000E+00  0.0000E+00  0.7600E+02  0.7600E+02
5.120  0.0000E+00  0.0000E+00  0.7600E+02  0.7600E+02
5.160  0.0000E+00  0.0000E+00  0.7600E+02  0.7600E+02
5.200  0.0000E+00  0.0000E+00  0.7600E+02  0.7600E+02
5.240  0.0000E+00  0.0000E+00  0.7600E+02  0.7600E+02
5.280  0.0000E+00  0.0000E+00  0.7600E+02  0.7600E+02
5.320  0.0000E+00  0.0000E+00  0.7600E+02  0.7600E+02
5.360  0.0000E+00  0.0000E+00  0.7600E+02  0.7600E+02
5.400  0.0000E+00  0.0000E+00  0.7600E+02  0.7600E+02
5.440  0.0000E+00  0.0000E+00  0.7600E+02  0.7600E+02
5.480  0.0000E+00  0.0000E+00  0.7600E+02  0.7600E+02
5.520  0.0000E+00  0.0000E+00  0.7600E+02  0.7600E+02
5.560  0.0000E+00  0.0000E+00  0.7600E+02  0.7600E+02
5.600  0.0000E+00  0.0000E+00  0.7600E+02  0.7600E+02
5.640  0.0000E+00  0.0000E+00  0.7600E+02  0.7600E+02
5.680  0.0000E+00  0.0000E+00  0.7600E+02  0.7600E+02
5.720  0.0000E+00  0.0000E+00  0.7600E+02  0.7600E+02
5.760  0.0000E+00  0.0000E+00  0.7600E+02  0.7600E+02
5.800  0.0000E+00  0.0000E+00  0.7600E+02  0.7600E+02
5.840  0.0000E+00  0.0000E+00  0.7600E+02  0.7600E+02
5.880  0.0000E+00  0.0000E+00  0.7600E+02  0.7600E+02
5.920  0.0000E+00  0.0000E+00  0.7600E+02  0.7600E+02
5.960  0.0000E+00  0.0000E+00  0.7600E+02  0.7600E+02
6.000  0.0000E+00  0.0000E+00  0.7600E+02  0.7600E+02
6.040  0.0000E+00  0.0000E+00  0.7600E+02  0.7600E+02
6.080  0.0000E+00  0.0000E+00  0.7600E+02  0.7600E+02
6.120  0.0000E+00  0.0000E+00  0.7600E+02  0.7600E+02
6.160  0.0000E+00  0.0000E+00  0.7600E+02  0.7600E+02
6.200  0.0000E+00  0.0000E+00  0.7600E+02  0.7600E+02
6.240  0.0000E+00  0.0000E+00  0.7600E+02  0.7600E+02
6.280  0.0000E+00  0.0000E+00  0.7600E+02  0.7600E+02
6.320  0.0000E+00  0.0000E+00  0.7600E+02  0.7600E+02
6.360  0.0000E+00  0.0000E+00  0.7600E+02  0.7600E+02
6.400  0.0000E+00  0.0000E+00  0.7600E+02  0.7600E+02
6.440  0.0000E+00  0.0000E+00  0.7600E+02  0.7600E+02
6.480  0.0000E+00  0.0000E+00  0.7600E+02  0.7600E+02
6.520  0.0000E+00  0.0000E+00  0.7600E+02  0.7600E+02
6.560  0.0000E+00  0.0000E+00  0.7600E+02  0.7600E+02
6.600  0.0000E+00  0.0000E+00  0.7600E+02  0.7600E+02
6.640  0.0000E+00  0.0000E+00  0.7600E+02  0.7600E+02
6.680  0.0000E+00  0.0000E+00  0.7600E+02  0.7600E+02
6.720  0.0000E+00  0.0000E+00  0.7600E+02  0.7600E+02
6.760  0.0000E+00  0.0000E+00  0.7600E+02  0.7600E+02
6.800  0.0000E+00  0.0000E+00  0.7600E+02  0.7600E+02
6.840  0.0000E+00  0.0000E+00  0.7600E+02  0.7600E+02
6.880  0.0000E+00  0.0000E+00  0.7600E+02  0.7600E+02
6.920  0.1421E+02  0.0000E+00  0.7688E+02  0.7600E+02
6.960  0.3315E+00  0.0000E+00  0.7700E+02  0.7600E+02
7.000  0.3185E+02  0.0000E+00  0.7783E+02  0.7600E+02
7.040  0.5111E+02  0.0000E+00  0.7935E+02  0.7600E+02
7.080  0.3416E+02  0.0000E+00  0.8082E+02  0.7600E+02
7.120  0.5440E+02  0.0000E+00  0.8311E+02  0.7600E+02
7.160  0.2943E+02  0.0000E+00  0.8481E+02  0.7600E+02
7.200  0.6134E+02  0.0000E+00  0.8696E+02  0.7600E+02
7.240  0.7611E+02  0.0000E+00  0.8950E+02  0.7600E+02
7.280  0.9439E+02  0.0000E+00  0.9267E+02  0.7600E+02
7.320  0.7608E+02  0.0000E+00  0.9589E+02  0.7600E+02
7.360  0.6561E+02  0.0000E+00  0.9876E+02  0.7600E+02
7.400  0.8100E+02  0.4093E+02  0.1017E+03  0.7623E+02
7.440  0.4709E+02  0.5109E+02  0.1035E+03  0.7780E+02
7.480  0.0000E+00  0.5993E+02  0.1040E+03  0.8067E+02
7.520  0.0000E+00  0.9108E+02  0.1040E+03  0.8324E+02
7.560  0.0000E+00  0.1019E+03  0.1040E+03  0.8651E+02
7.600  0.0000E+00  0.4237E+02  0.1040E+03  0.8920E+02
7.640  0.0000E+00  0.1055E+03  0.1040E+03  0.9222E+02
7.680  0.0000E+00  0.8010E+02  0.1040E+03  0.9529E+02
7.720  0.0000E+00  0.1136E+03  0.1040E+03  0.9893E+02
7.760  0.0000E+00  0.4835E+02  0.1040E+03  0.1019E+03
7.800  0.0000E+00  0.4442E+02  0.1040E+03  0.1038E+03
7.840  0.0000E+00  0.0000E+00  0.1040E+03  0.1040E+03
7.880  0.0000E+00  0.0000E+00  0.1040E+03  0.1040E+03
7.920  0.0000E+00  0.0000E+00  0.1040E+03  0.1040E+03
7.960  0.0000E+00  0.0000E+00  0.1040E+03  0.1040E+03
8.000  0.0000E+00  0.0000E+00  0.1040E+03  0.1040E+03
8.040  0.0000E+00  0.0000E+00  0.1040E+03  0.1040E+03
8.080  0.0000E+00  0.0000E+00  0.1040E+03  0.1040E+03
8.120  0.0000E+00  0.0000E+00  0.1040E+03  0.1040E+03
8.160  0.0000E+00  0.0000E+00  0.1040E+03  0.1040E+03
8.200  0.0000E+00  0.0000E+00  0.1040E+03  0.1040E+03
8.240  0.0000E+00  0.0000E+00  0.1040E+03  0.1040E+03
8.280  0.0000E+00  0.0000E+00  0.1040E+03  0.1040E+03
8.320  0.0000E+00  0.0000E+00  0.1040E+03  0.1040E+03
8.360  0.0000E+00  0.0000E+00  0.1040E+03  0.1040E+03
8.400  0.0000E+00  0.0000E+00  0.1040E+03  0.1040E+03
8.440  0.0000E+00  0.0000E+00  0.1040E+03  0.1040E+03
8.480  0.0000E+00  0.0000E+00  0.1040E+03  0.1040E+03
8.520  0.0000E+00  0.0000E+00  0.1040E+03  0.1040E+03
8.560  0.0000E+00  0.0000E+00  0.1040E+03  0.1040E+03
8.600  0.0000E+00  0.0000E+00  0.1040E+03  0.1040E+03
8.640  0.0000E+00  0.0000E+00  0.1040E+03  0.1040E+03
8.680  0.0000E+00  0.0000E+00  0.1040E+03  0.1040E+03
8.720  0.0000E+00  0.0000E+00  0.1040E+03  0.1040E+03
8.760  0.0000E+00  0.0000E+00  0.1040E+03  0.1040E+03
8.800  0.0000E+00  0.0000E+00  0.1040E+03  0.1040E+03
8.840  0.0000E+00  0.0000E+00  0.1040E+03  0.1040E+03
8.880  0.0000E+00  0.0000E+00  0.1040E+03  0.1040E+03
8.920  0.0000E+00  0.0000E+00  0.1040E+03  0.1040E+03
8.960  0.0000E+00  0.0000E+00  0.1040E+03  0.1040E+03
9.000  0.0000E+00  0.0000E+00  0.1040E+03  0.1040E+03
9.040  0.0000E+00  0.0000E+00  0.1040E+03  0.1040E+03
9.080  0.0000E+00  0.0000E+00  0.1040E+03  0.1040E+03
9.120  0.0000E+00  0.0000E+00  0.1040E+03  0.1040E+03
9.160  0.0000E+00  0.0000E+00  0.1040E+03  0.1040E+03
9.200  0.0000E+00  0.0000E+00  0.1040E+03  0.1040E+03
9.240  0.0000E+00  0.0000E+00  0.1040E+03  0.1040E+03
9.280  0.0000E+00  0.0000E+00  0.1040E+03  0.1040E+03
9.320  0.0000E+00  0.0000E+00  0.1040E+03  0.1040E+03
9.360  0.0000E+00  0.0000E+00  0.1040E+03  0.1040E+03
9.400  0.0000E+00  0.0000E+00  0.1040E+03  0.1040E+03
9.440  0.0000E+00  0.0000E+00  0.1040E+03  0.1040E+03
9.480  0.0000E+00  0.0000E+00  0.1040E+03  0.1040E+03
9.520  0.0000E+00  0.0000E+00  0.1040E+03  0.1040E+03
9.560  0.0000E+00  0.0000E+00  0.1040E+03  0.1040E+03
9.600  0.0000E+00  0.0000E+00  0.1040E+03  0.1040E+03
9.640  0.0000E+00  0.0000E+00  0.1040E+03  0.1040E+03
9.680  0.0000E+00  0.0000E+00  0.1040E+03  0.1040E+03
9.720  0.0000E+00  0.0000E+00  0.1040E+03  0.1040E+03
9.760  0.0000E+00  0.0000E+00  0.1040E+03  0.1040E+03
9.800  0.0000E+00  0.0000E+00  0.1040E+03  0.1040E+03
9.840  0.0000E+00  0.0000E+00  0.1040E+03  0.1040E+03
9.880  0.0000E+00  0.0000E+00  0.1040E+03  0.1040E+03
9.920  0.0000E+00  0.0000E+00  0.1040E+03  0.1040E+03
9.960  0.0000E+00  0.0000E+00  0.1040E+03  0.1040E+03
10.000  0.0000E+00  0.0000E+00  0.1040E+03  0.1040E+03
10.040  0.0000E+00  0.0000E+00  0.1040E+03  0.1040E+03
10.080  0.0000E+00  0.0000E+00  0.1040E+03  0.1040E+03
10.120  0.0000E+00  0.0000E+00  0.1040E+03  0.1040E+03
10.160  0.0000E+00  0.0000E+00  0.1040E+03  0.1040E+03
10.200  0.0000E+00  0.0000E+00  0.1040E+03  0.1040E+03
10.240  0.0000E+00  0.0000E+00  0.1040E+03  0.1040E+03
10.280  0.0000E+00  0.0000E+00  0.1040E+03  0.1040E+03
10.320  0.0000E+00  0.0000E+00  0.1040E+03  0.1040E+03
10.360  0.0000E+00  0.0000E+00  0.1040E+03  0.1040E+03
10.400  0.0000E+00  0.0000E+00  0.1040E+03  0.1040E+03
10.440  0.0000E+00  0.0000E+00  0.1040E+03  0.1040E+03
10.480  0.0000E+00  0.0000E+00  0.1040E+03  0.1040E+03
10.520  0.0000E+00  0.0000E+00  0.1040E+03  0.1040E+03
10.560  0.0000E+00  0.0000E+00  0.1040E+03  0.1040E+03
10.600  0.0000E+00  0.0000E+00  0.1040E+03  0.1040E+03
10.640  0.0000E+00  0.0000E+00  0.1040E+03  0.1040E+03
10.680  0.0000E+00  0.0000E+00  0.1040E+03  0.1040E+03
10.720  0.0000E+00  0.0000E+00  0.1040E+03  0.1040E+03
10.760  0.0000E+00  0.0000E+00  0.1040E+03  0.1040E+03
10.800  0.0000E+00  0.0000E+00  0.1040E+03  0.1040E+03
10.840  0.0000E+00  0.0000E+00  0.1040E+03  0.1040E+03
10.880  0.0000E+00  0.0000E+00  0.1040E+03  0.1040E+03
10.920  0.0000E+00  0.0000E+00  0.1040E+03  0.1040E+03
10.960  0.0000E+00  0.0000E+00  0.1040E+03  0.1040E+03
11.000  0.0000E+00  0.0000E+00  0.1040E+03  0.1040E+03
11.040  0.0000E+00  0.0000E+00  0.1040E+03  0.1040E+03
11.080  0.0000E+00  0.0000E+00  0.1040E+03  0.1040E+03
11.120  0.0000E+00  0.0000E+00  0.1040E+03  0.1040E+03
11.160  0.0000E+00  0.0000E+00  0.1040E+03  0.1040E+03
11.200  0.0000E+00  0.0000E+00  0.1040E+03  0.1040E+03
11.240  0.0000E+00  0.0000E+00  0.1040E+03  0.1040E+03
11.280  0.0000E+00  0.0000E+00  0.1040E+03  0.1040E+03
11.320  0.0000E+00  0.0000E+00  0.1040E+03  0.1040E+03
11.360  0.0000E+00  0.0000E+00  0.1040E+03  0.1040E+03
11.400  0.0000E+00  0.0000E+00  0.1040E+03  0.1040E+03
11.440  0.0000E+00  0.0000E+00  0.1040E+03  0.1040E+03
11.480  0.0000E+00  0.0000E+00  0.1040E+03  0.1040E+03
11.520  0.0000E+00  0.0000E+00  0.1040E+03  0.1040E+03
11.560  0.0000E+00  0.0000E+00  0.1040E+03  0.1040E+03
11.600  0.0000E+00  0.0000E+00  0.1040E+03  0.1040E+03
11.640  0.0000E+00  0.0000E+00  0.1040E+03  0.1040E+03
11.680  0.0000E+00  0.0000E+00  0.1040E+03  0.1040E+03
11.720  0.0000E+00  0.0000E+00  0.1040E+03  0.1040E+03
11.760  0.0000E+00  0.0000E+00  0.1040E+03  0.1040E+03
11.800  0.0000E+00  0.0000E+00  0.1040E+03  0.1040E+03
11.840  0.0000E+00  0.0000E+00  0.1040E+03  0.1040E+03
11.880  0.0000E+00  0.0000E+00  0.1040E+03  0.1040E+03
11.920  0.0000E+00  0.0000E+00  0.1040E+03  0.1040E+03
11.960  0.0000E+00  0.0000E+00  0.1040E+03  0.1040E+03
12.000  0.0000E+00  0.0000E+00  0.1040E+03  0.1040E+03
12.040  0.0000E+00  0.0000E+00  0.1040E+03  0.1040E+03
12.080  0.0000E+00  0.0000E+00  0.1040E+03  0.1040E+03
12.120  0.0000E+00  0.0000E+00  0.1040E+03  0.1040E+03
12.160  0.0000E+00  0.0000E+00  0.1040E+03  0.1040E+03
12.200  0.0000E+00  0.0000E+00  0.1040E+03  0.1040E+03
12.240  0.0000E+00  0.0000E+00  0.1040E+03  0.1040E+03
12.280  0.0000E+00  0.0000E+00  0.1040E+03  0.1040E+03
12.320  0.0000E+00  0.0000E+00  0.1040E+03  0.1040E+03
12.360  0.0000E+00  0.0000E+00  0.1040E+03  0.1040E+03
12.400  0.0000E+00  0.0000E+00  0.1040E+03  0.1040E+03
12.440  0.0000E+00  0.0000E+00  0.1040E+03  0.1040E+03
12.480  0.0000E+00  0.0000E+00  0.1040E+03  0.1040E+03
12.520  0.0000E+00  0.0000E+00  0.1040E+03  0.1040E+03
12.560  0.0000E+00  0.0000E+00  0.1040E+03  0.1040E+03
12.600  0.0000E+00  0.0000E+00  0.1040E+03  0.1040E+03
12.640  0.0000E+00  0.0000E+00  0.1040E+03  0.1040E+03
12.680  0.0000E+00  0.0000E+00  0.1040E+03  0.1040E+03
12.720  0.0000E+00  0.0000E+00  0.1040E+03  0.1040E+03
12.760  0.0000E+00  0.0000E+00  0.1040E+03  0.1040E+03
12.800  0.0000E+00  0.0000E+00  0.1040E+03  0.1040E+03
12.840  0.0000E+00  0.0000E+00  0.1040E+03  0.1040E+03
12.880  0.0000E+00  0.0000E+00  0.1040E+03  0.1040E+03
12.920  0.0000E+00  0.0000E+00  0.1040E+03  0.1040E+03
12.960  0.0000E+00  0.0000E+00  0.1040E+03  0.1040E+03
13.000  0.0000E+00  0.0000E+00  0.1040E+03  0.1040E+03
13.040  0.0000E+00  0.0000E+00  0.1040E+03  0.1040E+03
13.080  0.0000E+00  0.0000E+00  0.1040E+03  0.1040E+03
13.120  0.0000E+00  0.0000E+00  0.1040E+03  0.1040E+03
13.160  0.0000E+00  0.0000E+00  0.1040E+03  0.1040E+03
13.200  0.0000E+00  0.0000E+00  0.1040E+03  0.1040E+03
13.240  0.0000E+00  0.0000E+00  0.1040E+03  0.1040E+03
13.280  0.0000E+00  0.0000E+00  0.1040E+03  0.1040E+03
13.320  0.0000E+00  0.0000E+00  0.1040E+03  0.1040E+03
13.360  0.0000E+00  0.0000E+00  0.1040E+03  0.1040E+03
13.400  0.0000E+00  0.0000E+00  0.1040E+03  0.1040E+03
13.440  0.0000E+00  0.0000E+00  0.1040E+03  0.1040E+03
13.480  0.0000E+00  0.0000E+00  0.1040E+03  0.1040E+03
13.520  0.0000E+00  0.0000E+00  0.1040E+03  0.1040E+03
13.560  0.0000E+00  0.0000E+00  0.1040E+03  0.1040E+03
13.600  0.0000E+00  0.0000E+00  0.1040E+03  0.1040E+03
13.640  0.0000E+00  0.0000E+00  0.1040E+03  0.1040E+03
13.680  0.0000E+00  0.0000E+00  0.1040E+03  0.1040E+03
13.720  0.0000E+00  0.0000E+00  0.1040E+03  0.1040E+03
13.760  0.0000E+00  0.0000E+00  0.1040E+03  0.1040E+03
13.800  0.0000E+00  0.0000E+00  0.1040E+03  0.1040E+03
13.840  0.0000E+00  0.0000E+00  0.1040E+03  0.1040E+03
13.880  0.0000E+00  0.0000E+00  0.1040E+03  0.1040E+03
13.920  0.0000E+00  0.0000E+00  0.1040E+03  0.1040E+03
13.960  0.0000E+00  0.0000E+00  0.1040E+03  0.1040E+03
14.000  0.0000E+00  0.0000E+00  0.1040E+03  0.1040E+03
14.040  0.0000E+00  0.0000E+00  0.1040E+03  0.1040E+03
14.080  0.0000E+00  0.0000E+00  0.1040E+03  0.1040E+03
14.120  0.0000E+00  0.0000E+00  0.1040E+03  0.1040E+03
14.160  0.0000E+00  0.0000E+00  0.1040E+03  0.1040E+03
14.200  0.0000E+00  0.0000E+00  0.1040E+03  0.1040E+03
14.240  0.0000E+00  0.0000E+00  0.1040E+03  0.1040E+03
14.280  0.0000E+00  0.0000E+00  0.1040E+03  0.1040E+03
14.320  0.0000E+00  0.0000E+00  0.1040E+03  0.1040E+03
14.360  0.0000E+00  0.0000E+00  0.1040E+03  0.1040E+03
14.400  0.0000E+00  0.0000E+00  0.1040E+03  0.1040E+03
14.440  0.0000E+00  0.0000E+00  0.1040E+03  0.1040E+03
14.480  0.0000E+00  0.0000E+00  0.1040E+03  0.1040E+03
14.520  0.0000E+00  0.0000E+00  0.1040E+03  0.1040E+03
14.560  0.0000E+00  0.0000E+00  0.1040E+03  0.1040E+03
14.600  0.0000E+00  0.0000E+00  0.1040E+03  0.1040E+03
14.640  0.0000E+00  0.0000E+00  0.1040E+03  0.1040E+03
14.680  0.0000E+00  0.0000E+00  0.1040E+03  0.1040E+03
14.720  0.0000E+00  0.0000E+00  0.1040E+03  0.1040E+03
14.760  0.0000E+00  0.0000E+00  0.1040E+03  0.1040E+03
14.800  0.0000E+00  0.0000E+00  0.1040E+03  0.1040E+03
14.840  0.0000E+00  0.0000E+00  0.1040E+03  0.1040E+03
14.880  0.0000E+00  0.0000E+00  0.1040E+03  0.1040E+03
14.920  0.0000E+00  0.0000E+00  0.1040E+03  0.1040E+03
14.960  0.0000E+00  0.0000E+00  0.1040E+03  0.1040E+03
15.000  0.0000E+00  0.0000E+00  0.1040E+03  0.1040E+03
15.040  0.0000E+00  0.0000E+00  0.1040E+03  0.1040E+03
15.080  0.0000E+00  0.0000E+00  0.1040E+03  0.1040E+03
15.120  0.0000E+00  0.0000E+00  0.1040E+03  0.1040E+03
15.160  0.0000E+00  0.0000E+00  0.1040E+03  0.1040E+03
15.200  0.0000E+00  0.0000E+00  0.1040E+03  0.1040E+03
15.240  0.0000E+00  0.0000E+00  0.1040E+03  0.1040E+03
15.280  0.0000E+00  0.0000E+00  0.1040E+03  0.1040E+03
15.320  0.0000E+00  0.0000E+00  0.1040E+03  0.1040E+03
15.360  0.0000E+00  0.0000E+00  0.1040E+03  0.1040E+03
15.400  0.0000E+00  0.0000E+00  0.1040E+03  0.1040E+03
15.440  0.0000E+00  0.0000E+00  0.1040E+03  0.1040E+03
15.480  0.0000E+00  0.0000E+00  0.1040E+03  0.1040E+03
15.520  0.0000E+00  0.0000E+00  0.1040E+03  0.1040E+03
15.560  0.0000E+00  0.0000E+00  0.1040E+03  0.1040E+03
15.600  0.0000E+00  0.0000E+00  0.1040E+03  0.1040E+03
15.640  0.0000E+00  0.0000E+00  0.1040E+03  0.1040E+03
15.680  0.0000E+00  0.0000E+00  0.1040E+03  0.1040E+03
15.720  0.0000E+00  0.0000E+00  0.1040E+03  0.1040E+03
15.760  0.0000E+00  0.0000E+00  0.1040E+03  0.1040E+03
15.800  0.0000E+00  0.0000E+00  0.1040E+03  0.1040E+03
15.840  0.0000E+00  0.0000E+00  0.1040E+03  0.1040E+03
15.880  0.0000E+00  0.0000E+00  0.1040E+03  0.1040E+03
15.920  0.0000E+00  0.0000E+00  0.1040E+03  0.1040E+03
15.960  0.0000E+00  0.0000E+00  0.1040E+03  0.1040E+03
16.000  0.0000E+00  0.0000E+00  0.1040E+03  0.1040E+03
16.040  0.0000E+00  0.0000E+00  0.1040E+03  0.1040E+03
16.080  0.0000E+00  0.0000E+00  0.1040E+03  0.1040E+03
16.120  0.0000E+00  0.0000E+00  0.1040E+03  0.1040E+03
16.160  0.0000E+00  0.0000E+00  0.1040E+03  0.1040E+03
16.200  0.0000E+00  0.0000E+00  0.1040E+03  0.1040E+03
16.240  0.0000E+00  0.0000E+00  0.1040E+03  0.1040E+03
16.280  0.0000E+00  0.0000E+00  0.1040E+03  0.1040E+03
16.320  0.0000E+00  0.0000E+00  0.1040E+03  0.1040E+03
16.360  0.0000E+00  0.0000E+00  0.1040E+03  0.1040E+03
16.400  0.0000E+00  0.0000E+00  0.1040E+03  0.1040E+03
16.440  0.0000E+00  0.0000E+00  0.1040E+03  0.1040E+03
16.480  0.0000E+00  0.0000E+00  0.1040E+03  0.1040E+03
16.520  0.0000E+00  0.0000E+00  0.1040E+03  0.1040E+03
16.560  0.0000E+00  0.0000E+00  0.1040E+03  0.1040E+03
16.600  0.0000E+00  0.0000E+00  0.1040E+03  0.1040E+03
16.640  0.0000E+00  0.0000E+00  0.1040E+03  0.1040E+03
16.680  0.0000E+00  0.0000E+00  0.1040E+03  0.1040E+03
16.720  0.0000E+00  0.0000E+00  0.1040E+03  0.1040E+03
16.760  0.0000E+00  0.0000E+00  0.1040E+03  0.1040E+03
16.800  0.0000E+00  0.0000E+00  0.1040E+03  0.1040E+03
16.840  0.0000E+00  0.0000E+00  0.1040E+03  0.1040E+03
16.880  0.0000E+00  0.0000E+00  0.1040E+03  0.1040E+03
16.920  0.0000E+00  0.0000E+00  0.1040E+03  0.1040E+03
16.960  0.0000E+00  0.0000E+00  0.1040E+03  0.1040E+03
17.000  0.0000E+00  0.0000E+00  0.1040E+03  0.1040E+03
17.040  0.0000E+00  0.0000E+00  0.1040E+03  0.1040E+03
17.080  0.0000E+00  0.0000E+00  0.1040E+03  0.1040E+03
17.120  0.0000E+00  0.0000E+00  0.1040E+03  0.1040E+03
17.160  0.0000E+00  0.0000E+00  0.1040E+03  0.1040E+03
17.200  0.0000E+00  0.0000E+00  0.1040E+03  0.1040E+03
17.240  0.0000E+00  0.0000E+00  0.1040E+03  0.1040E+03
17.280  0.0000E+00  0.0000E+00  0.1040E+03  0.1040E+03
17.320  0.0000E+00  0.0000E+00  0.1040E+03  0.1040E+03
17.360  0.0000E+00  0.0000E+00  0.1040E+03  0.1040E+03
17.400  0.0000E+00  0.0000E+00  0.1040E+03  0.1040E+03
17.440  0.0000E+00  0.0000E+00  0.1040E+03  0.1040E+03
17.480  0.0000E+00  0.0000E+00  0.1040E+03  0.1040E+03
17.520  0.0000E+00  0.0000E+00  0.1040E+03  0.1040E+03
17.560  0.0000E+00  0.0000E+00  0.1040E+03  0.1040E+03
17.600  0.0000E+00  0.0000E+00  0.1040E+03  0.1040E+03
17.640  0.0000E+00  0.0000E+00  0.1040E+03  0.1040E+03
17.680  0.0000E+00  0.0000E+00  0.1040E+03  0.1040E+03
17.720  0.0000E+00  0.0000E+00  0.1040E+03  0.1040E+03
17.760  0.0000E+00  0.0000E+00  0.1040E+03  0.1040E+03
17.800  0.0000E+00  0.0000E+00  0.1040E+03  0.1040E+03
17.840  0.0000E+00  0.0000E+00  0.1040E+03  0.1040E+03
17.880  0.0000E+00  0.0000E+00  0.1040E+03  0.1040E+03
17.920  0.0000E+00  0.0000E+00  0.1040E+03  0.1040E+03
17.960  0.0000E+00  0.0000E+00  0.1040E+03  0.1040E+03
18.000  0.0000E+00  0.0000E+00  0.1040E+03  0.1040E+03
18.040  0.0000E+00  0.0000E+00  0.1040E+03  0.1040E+03
18.080  0.0000E+00  0.0000E+00  0.1040E+03  0.1040E+03
18.120  0.0000E+00  0.0000E+00  0.1040E+03  0.1040E+03
18.160  0.0000E+00  0.0000E+00  0.1040E+03  0.1040E+03
18.200  0.0000E+00  0.0000E+00  0.1040E+03  0.1040E+03
18.240  0.0000E+00  0.0000E+00  0.1040E+03  0.1040E+03
18.280  0.0000E+00  0.0000E+00  0.1040E+03  0.1040E+03
18.320  0.0000E+00  0.0000E+00  0.1040E+03  0.1040E+03
18.360  0.0000E+00  0.0000E+00  0.1040E+03  0.1040E+03
18.400  0.0000E+00  0.0000E+00  0.1040E+03  0.1040E+03
18.440  0.0000E+00  0.0000E+00  0.1040E+03  0.1040E+03
18.480  0.0000E+00  0.0000E+00  0.1040E+03  0.1040E+03
18.520  0.0000E+00  0.0000E+00  0.1040E+03  0.1040E+03
18.560  0.0000E+00  0.0000E+00  0.1040E+03  0.1040E+03
18.600  0.0000E+00  0.0000E+00  0.1040E+03  0.1040E+03
18.640  0.0000E+00  0.0000E+00  0.1040E+03  0.1040E+03
18.680  0.0000E+00  0.0000E+00  0.1040E+03  0.1040E+03
18.720  0.0000E+00  0.0000E+00  0.1040E+03  0.1040E+03
18.760  0.0000E+00  0.0000E+00  0.1040E+03  0.1040E+03
18.800  0.0000E+00  0.0000E+00  0.1040E+03  0.1040E+03
18.840  0.0000E+00  0.0000E+00  0.1040E+03  0.1040E+03
18.880  0.0000E+00  0.0000E+00  0.1040E+03  0.1040E+03
18.920  0.0000E+00  0.0000E+00  0.1040E+03  0.1040E+03
18.960  0.0000E+00  0.0000E+00  0.1040E+03  0.1040E+03
19.000  0.0000E+00  0.0000E+00  0.1040E+03  0.1040E+03
19.040  0.0000E+00  0.0000E+00  0.1040E+03  0.1040E+03
19.080  0.0000E+00  0.0000E+00  0.1040E+03  0.1040E+03
19.120  0.0000E+00  0.0000E+00  0.1040E+03  0.1040E+03
19.160  0.0000E+00  0.0000E+00  0.1040E+03  0.1040E+03
19.200  0.0000E+00  0.0000E+00  0.1040E+03  0.1040E+03
19.240  0.0000E+00  0.0000E+00  0.1040E+03  0.1040E+03
19.280  0.0000E+00  0.0000E+00  0.1040E+03  0.1040E+03
19.320  0.0000E+00  0.0000E+00  0.1040E+03  0.1040E+03
19.360  0.0000E+00  0.0000E+00  0.1040E+03  0.1040E+03
19.400  0.0000E+00  0.0000E+00  0.1040E+03  0.1040E+03
19.440  0.0000E+00  0.0000E+00  0.1040E+03  0.1040E+03
19.480  0.0000E+00  0.0000E+00  0.1040E+03  0.1040E+03
19.520  0.0000E+00  0.0000E+00  0.1040E+03  0.1040E+03
19.560  0.0000E+00  0.0000E+00  0.1040E+03  0.1040E+03
19.600  0.0000E+00  0.0000E+00  0.1040E+03  0.1040E+03
19.640  0.0000E+00  0.0000E+00  0.1040E+03  0.1040E+03
19.680  0.0000E+00  0.0000E+00  0.1040E+03  0.1040E+03
19.720  0.0000E+00  0.0000E+00  0.1040E+03  0.1040E+03
19.760  0.0000E+00  0.0000E+00  0.1040E+03  0.1040E+03
19.800  0.0000E+00  0.0000E+00  0.1040E+03  0.1040E+03
19.840  0.0000E+00  0.0000E+00  0.1040E+03  0.1040E+03
19.880  0.0000E+00  0.0000E+00  0.1040E+03  0.1040E+03
19.920  0.0000E+00  0.0000E+00  0.1040E+03  0.1040E+03
19.960  0.0000E+00  0.0000E+00  0.1040E+03  0.1040E+03
20.000  0.0000E+00  0.0000E+00  0.1040E+03  0.1040E+03
